1 [1.0, 2.0, 3.0] Ba
1 [4.5, 4.5, 4.5] Ti
1 [3.5, 1.5, 4.5] Ti
1 [2.5, 0.5, 1.5] Ti
1 [2.0, 0.5, 3.5] O
2 [3.0, 0.0, 1.0] Ba
2 [3.5, 4.5, 3.5] Ti
2 [1.5, 3.5, 0.5] Ti
2 [1.5, 3.5, 4.5] Ti
2 [2.5, 4.0, 0.5] O
3 [1.0, 2.0, 3.0] Ba
3 [4.5, 3.5, 3.5] Ti
3 [2.5, 1.5, 3.5] Ti
3 [4.5, 0.5, 2.5] Ti
3 [1.5, 1.5, 3.0] O
4 [4.0, 2.0, 0.0] Ba
4 [2.5, 2.5, 2.5] Ti
4 [0.5, 4.5, 3.5] Ti
4 [4.5, 0.5, 0.5] Ti
4 [4.5, 0.5, 4.0] O
5 [1.0, 4.0, 1.0] Ba
5 [3.5, 1.5, 3.5] Ti
5 [0.5, 4.5, 3.5] Ti
5 [3.5, 0.5, 0.5] Ti
5 [0.5, 1.5, 2.0] O
6 [0.0, 2.0, 2.0] Ba
6 [3.5, 4.5, 2.5] Ti
6 [0.5, 3.5, 3.5] Ti
6 [2.5, 3.5, 4.5] Ti
6 [4.0, 4.5, 0.5] O
7 [3.0, 2.0, 3.0] Ba
7 [3.5, 4.5, 4.5] Ti
7 [2.5, 0.5, 0.5] Ti
7 [1.5, 3.5, 2.5] Ti
7 [1.5, 3.5, 0.0] O
8 [0.0, 1.0, 2.0] Ba
8 [4.5, 1.5, 3.5] Ti
8 [0.5, 4.5, 2.5] Ti
8 [2.5, 0.5, 2.5] Ti
8 [1.5, 3.5, 2.0] O
9 [3.0, 3.0, 4.0] Ba
9 [2.5, 0.5, 4.5] Ti
9 [2.5, 1.5, 4.5] Ti
9 [0.5, 3.5, 2.5] Ti
9 [0.5, 2.0, 2.5] O
10 [0.0, 3.0, 3.0] Ba
10 [4.5, 0.5, 1.5] Ti
10 [0.5, 0.5, 4.5] Ti
10 [3.5, 4.5, 2.5] Ti
10 [3.5, 1.0, 3.5] O
11 [3.0, 2.0, 1.0] Ba
11 [3.5, 0.5, 1.5] Ti
11 [2.5, 4.5, 2.5] Ti
11 [3.5, 4.5, 4.5] Ti
11 [2.5, 2.5, 0.0] O
12 [2.0, 0.0, 2.0] Ba
12 [4.5, 4.5, 2.5] Ti
12 [3.5, 2.5, 2.5] Ti
12 [3.5, 1.5, 1.5] Ti
12 [3.0, 4.5, 0.5] O
13 [2.0, 1.0, 0.0] Ba
13 [3.5, 4.5, 3.5] Ti
13 [3.5, 1.5, 0.5] Ti
13 [1.5, 0.5, 0.5] Ti
13 [2.5, 3.0, 2.5] O
14 [2.0, 4.0, 2.0] Ba
14 [4.5, 4.5, 4.5] Ti
14 [2.5, 0.5, 0.5] Ti
14 [3.5, 0.5, 3.5] Ti
14 [2.5, 0.5, 1.0] O
15 [3.0, 2.0, 4.0] Ba
15 [0.5, 1.5, 1.5] Ti
15 [3.5, 3.5, 1.5] Ti
15 [4.5, 0.5, 4.5] Ti
15 [1.5, 3.0, 2.5] O
16 [1.0, 1.0, 2.0] Ba
16 [4.5, 3.5, 0.5] Ti
16 [0.5, 2.5, 2.5] Ti
16 [3.5, 3.5, 4.5] Ti
16 [4.5, 3.0, 4.5] O
17 [2.0, 3.0, 2.0] Ba
17 [1.5, 1.5, 4.5] Ti
17 [2.5, 2.5, 2.5] Ti
17 [1.5, 0.5, 2.5] Ti
17 [0.5, 4.0, 2.5] O
18 [3.0, 1.0, 3.0] Ba
18 [0.5, 0.5, 0.5] Ti
18 [1.5, 4.5, 2.5] Ti
18 [1.5, 1.5, 0.5] Ti
18 [4.5, 1.0, 4.5] O
19 [1.0, 4.0, 2.0] Ba
19 [0.5, 1.5, 2.5] Ti
19 [1.5, 0.5, 4.5] Ti
19 [3.5, 0.5, 2.5] Ti
19 [0.0, 1.5, 3.5] O
20 [1.0, 1.0, 4.0] Ba
20 [1.5, 3.5, 1.5] Ti
20 [2.5, 4.5, 4.5] Ti
20 [4.5, 1.5, 4.5] Ti
20 [2.5, 3.5, 3.0] O
21 [1.0, 2.0, 1.0] Ba
21 [0.5, 3.5, 2.5] Ti
21 [4.5, 2.5, 2.5] Ti
21 [3.5, 2.5, 0.5] Ti
21 [0.5, 2.0, 4.5] O
22 [0.0, 2.0, 4.0] Ba
22 [2.5, 3.5, 1.5] Ti
22 [3.5, 0.5, 0.5] Ti
22 [3.5, 3.5, 4.5] Ti
22 [1.5, 3.0, 2.5] O
23 [4.0, 2.0, 4.0] Ba
23 [2.5, 3.5, 2.5] Ti
23 [1.5, 0.5, 2.5] Ti
23 [4.5, 1.5, 0.5] Ti
23 [3.5, 4.5, 2.0] O
24 [1.0, 3.0, 0.0] Ba
24 [4.5, 1.5, 1.5] Ti
24 [4.5, 3.5, 1.5] Ti
24 [4.5, 4.5, 3.5] Ti
24 [0.5, 1.0, 1.5] O
25 [3.0, 0.0, 1.0] Ba
25 [0.5, 2.5, 4.5] Ti
25 [4.5, 3.5, 3.5] Ti
25 [3.5, 3.5, 1.5] Ti
25 [0.5, 4.0, 3.5] O
26 [1.0, 4.0, 2.0] Ba
26 [1.5, 2.5, 4.5] Ti
26 [4.5, 4.5, 0.5] Ti
26 [3.5, 3.5, 0.5] Ti
26 [0.0, 4.5, 2.5] O
27 [3.0, 1.0, 2.0] Ba
27 [3.5, 4.5, 4.5] Ti
27 [1.5, 1.5, 2.5] Ti
27 [3.5, 2.5, 2.5] Ti
27 [1.0, 3.5, 3.5] O
28 [1.0, 1.0, 3.0] Ba
28 [0.5, 2.5, 4.5] Ti
28 [0.5, 1.5, 0.5] Ti
28 [3.5, 1.5, 0.5] Ti
28 [4.5, 0.0, 1.5] O
29 [2.0, 3.0, 0.0] Ba
29 [1.5, 4.5, 0.5] Ti
29 [1.5, 1.5, 3.5] Ti
29 [0.5, 3.5, 0.5] Ti
29 [2.5, 1.5, 1.0] O
30 [1.0, 3.0, 4.0] Ba
30 [2.5, 0.5, 1.5] Ti
30 [2.5, 3.5, 4.5] Ti
30 [1.5, 0.5, 3.5] Ti
30 [4.0, 4.5, 2.5] O
31 [1.0, 4.0, 4.0] Ba
31 [4.5, 1.5, 2.5] Ti
31 [0.5, 1.5, 3.5] Ti
31 [4.5, 2.5, 1.5] Ti
31 [0.5, 4.5, 4.0] O
32 [4.0, 2.0, 1.0] Ba
32 [2.5, 4.5, 1.5] Ti
32 [0.5, 3.5, 2.5] Ti
32 [1.5, 2.5, 0.5] Ti
32 [4.0, 2.5, 0.5] O
33 [0.0, 4.0, 2.0] Ba
33 [2.5, 0.5, 4.5] Ti
33 [4.5, 0.5, 1.5] Ti
33 [3.5, 2.5, 4.5] Ti
33 [2.0, 3.5, 3.5] O
34 [4.0, 4.0, 1.0] Ba
34 [2.5, 4.5, 2.5] Ti
34 [0.5, 2.5, 3.5] Ti
34 [1.5, 1.5, 3.5] Ti
34 [4.5, 3.5, 0.0] O
35 [3.0, 4.0, 0.0] Ba
35 [0.5, 4.5, 2.5] Ti
35 [3.5, 0.5, 0.5] Ti
35 [4.5, 3.5, 0.5] Ti
35 [4.0, 2.5, 0.5] O
36 [2.0, 3.0, 0.0] Ba
36 [4.5, 4.5, 0.5] Ti
36 [2.5, 4.5, 1.5] Ti
36 [3.5, 1.5, 3.5] Ti
36 [4.5, 0.0, 0.5] O
37 [1.0, 2.0, 0.0] Ba
37 [3.5, 3.5, 2.5] Ti
37 [4.5, 0.5, 1.5] Ti
37 [3.5, 3.5, 0.5] Ti
37 [1.0, 0.5, 4.5] O
38 [1.0, 4.0, 2.0] Ba
38 [0.5, 4.5, 0.5] Ti
38 [4.5, 3.5, 1.5] Ti
38 [4.5, 1.5, 0.5] Ti
38 [2.5, 4.0, 1.5] O
39 [1.0, 2.0, 3.0] Ba
39 [3.5, 0.5, 2.5] Ti
39 [2.5, 1.5, 2.5] Ti
39 [1.5, 1.5, 0.5] Ti
39 [0.5, 2.5, 2.0] O
40 [4.0, 1.0, 2.0] Ba
40 [1.5, 2.5, 1.5] Ti
40 [1.5, 2.5, 4.5] Ti
40 [1.5, 4.5, 4.5] Ti
40 [4.5, 1.0, 3.5] O
41 [3.0, 2.0, 2.0] Ba
41 [2.5, 1.5, 1.5] Ti
41 [3.5, 1.5, 1.5] Ti
41 [1.5, 4.5, 0.5] Ti
41 [4.5, 4.0, 4.5] O
42 [0.0, 1.0, 4.0] Ba
42 [4.5, 0.5, 1.5] Ti
42 [4.5, 3.5, 4.5] Ti
42 [2.5, 4.5, 1.5] Ti
42 [4.5, 2.0, 0.5] O
43 [0.0, 2.0, 3.0] Ba
43 [4.5, 4.5, 3.5] Ti
43 [2.5, 4.5, 4.5] Ti
43 [1.5, 0.5, 3.5] Ti
43 [0.5, 1.5, 1.0] O
44 [3.0, 3.0, 4.0] Ba
44 [1.5, 2.5, 4.5] Ti
44 [4.5, 4.5, 4.5] Ti
44 [1.5, 2.5, 2.5] Ti
44 [1.5, 0.0, 3.5] O
45 [0.0, 3.0, 4.0] Ba
45 [4.5, 3.5, 4.5] Ti
45 [2.5, 3.5, 4.5] Ti
45 [2.5, 3.5, 1.5] Ti
45 [1.5, 2.5, 3.0] O
46 [4.0, 3.0, 4.0] Ba
46 [4.5, 1.5, 0.5] Ti
46 [1.5, 3.5, 1.5] Ti
46 [0.5, 3.5, 0.5] Ti
46 [3.0, 3.5, 2.5] O
47 [3.0, 0.0, 4.0] Ba
47 [3.5, 3.5, 1.5] Ti
47 [2.5, 4.5, 4.5] Ti
47 [0.5, 3.5, 1.5] Ti
47 [4.5, 3.0, 2.5] O
48 [0.0, 1.0, 0.0] Ba
48 [3.5, 4.5, 4.5] Ti
48 [3.5, 3.5, 3.5] Ti
48 [4.5, 4.5, 2.5] Ti
48 [1.0, 1.5, 0.5] O
49 [0.0, 0.0, 0.0] Ba
49 [1.5, 1.5, 3.5] Ti
49 [1.5, 1.5, 2.5] Ti
49 [1.5, 2.5, 4.5] Ti
49 [3.5, 2.0, 4.5] O
50 [2.0, 0.0, 4.0] Ba
50 [1.5, 4.5, 1.5] Ti
50 [0.5, 2.5, 0.5] Ti
50 [3.5, 1.5, 0.5] Ti
50 [0.5, 4.5, 0.0] O
