Ba    core 0.0000000 0.000000 0.000000 3.45000000 1.00000 0.00000 
Ba    core 1.0000000 0.000000 0.200000 3.45000000 1.00000 0.00000 
Ba    core 1.0000000 0.000000 0.400000 3.45000000 1.00000 0.00000 
Ba    core 1.0000000 0.000000 0.600000 3.45000000 1.00000 0.00000 
Ba    core 1.0000000 0.000000 0.800000 3.45000000 1.00000 0.00000 
Ba    core 1.0000000 0.200000 1.000000 3.45000000 1.00000 0.00000 
Ba    core 1.0000000 0.200000 0.200000 3.45000000 1.00000 0.00000 
Ba    core 1.0000000 0.200000 0.400000 3.45000000 1.00000 0.00000 
Ba    core 1.0000000 0.200000 0.600000 3.45000000 1.00000 0.00000 
Ba    core 1.0000000 0.200000 0.800000 3.45000000 1.00000 0.00000 
Ba    core 1.0000000 0.400000 1.000000 3.45000000 1.00000 0.00000 
Ba    core 1.0000000 0.400000 0.200000 3.45000000 1.00000 0.00000 
Ba    core 1.0000000 0.400000 0.400000 3.45000000 1.00000 0.00000 
Ba    core 1.0000000 0.400000 0.600000 3.45000000 1.00000 0.00000 
Ba    core 1.0000000 0.400000 0.800000 3.45000000 1.00000 0.00000 
Ba    core 1.0000000 0.600000 1.000000 3.45000000 1.00000 0.00000 
Ba    core 1.0000000 0.600000 0.200000 3.45000000 1.00000 0.00000 
Ba    core 1.0000000 0.600000 0.400000 3.45000000 1.00000 0.00000 
Ba    core 1.0000000 0.600000 0.600000 3.45000000 1.00000 0.00000 
Ba    core 1.0000000 0.600000 0.800000 3.45000000 1.00000 0.00000 
Ba    core 1.0000000 0.800000 1.000000 3.45000000 1.00000 0.00000 
Ba    core 1.0000000 0.800000 0.200000 3.45000000 1.00000 0.00000 
Ba    core 1.0000000 0.800000 0.400000 3.45000000 1.00000 0.00000 
Ba    core 1.0000000 0.800000 0.600000 3.45000000 1.00000 0.00000 
Ba    core 1.0000000 0.800000 0.800000 3.45000000 1.00000 0.00000 
Ba    core 0.2000000 0.000000 1.000000 3.45000000 1.00000 0.00000 
Ba    core 0.2000000 0.000000 0.200000 3.45000000 1.00000 0.00000 
Ba    core 0.2000000 0.000000 0.400000 3.45000000 1.00000 0.00000 
Ba    core 0.2000000 0.000000 0.600000 3.45000000 1.00000 0.00000 
Ba    core 0.2000000 0.000000 0.800000 3.45000000 1.00000 0.00000 
Ba    core 0.2000000 0.200000 1.000000 3.45000000 1.00000 0.00000 
Ba    core 0.2000000 0.200000 0.200000 3.45000000 1.00000 0.00000 
Ba    core 0.2000000 0.200000 0.400000 3.45000000 1.00000 0.00000 
Ba    core 0.2000000 0.200000 0.600000 3.45000000 1.00000 0.00000 
Ba    core 0.2000000 0.200000 0.800000 3.45000000 1.00000 0.00000 
Ba    core 0.2000000 0.400000 1.000000 3.45000000 1.00000 0.00000 
Ba    core 0.2000000 0.400000 0.200000 3.45000000 1.00000 0.00000 
Ba    core 0.2000000 0.400000 0.400000 3.45000000 1.00000 0.00000 
Ba    core 0.2000000 0.400000 0.600000 3.45000000 1.00000 0.00000 
Ba    core 0.2000000 0.400000 0.800000 3.45000000 1.00000 0.00000 
Ba    core 0.2000000 0.600000 1.000000 3.45000000 1.00000 0.00000 
Ba    core 0.2000000 0.600000 0.200000 3.45000000 1.00000 0.00000 
Ba    core 0.2000000 0.600000 0.400000 3.45000000 1.00000 0.00000 
Ba    core 0.2000000 0.600000 0.600000 3.45000000 1.00000 0.00000 
Ba    core 0.2000000 0.600000 0.800000 3.45000000 1.00000 0.00000 
Ba    core 0.2000000 0.800000 1.000000 3.45000000 1.00000 0.00000 
Ba    core 0.2000000 0.800000 0.200000 3.45000000 1.00000 0.00000 
Ba    core 0.2000000 0.800000 0.400000 3.45000000 1.00000 0.00000 
Ba    core 0.2000000 0.800000 0.600000 3.45000000 1.00000 0.00000 
Ba    core 0.2000000 0.800000 0.800000 3.45000000 1.00000 0.00000 
Ba    core 0.4000000 0.000000 1.000000 3.45000000 1.00000 0.00000 
Ba    core 0.4000000 0.000000 0.200000 3.45000000 1.00000 0.00000 
Ba    core 0.4000000 0.000000 0.400000 3.45000000 1.00000 0.00000 
Ba    core 0.4000000 0.000000 0.600000 3.45000000 1.00000 0.00000 
Ba    core 0.4000000 0.000000 0.800000 3.45000000 1.00000 0.00000 
Ba    core 0.4000000 0.200000 1.000000 3.45000000 1.00000 0.00000 
Ba    core 0.4000000 0.200000 0.200000 3.45000000 1.00000 0.00000 
Ba    core 0.4000000 0.200000 0.400000 3.45000000 1.00000 0.00000 
Ba    core 0.4000000 0.200000 0.600000 3.45000000 1.00000 0.00000 
Ba    core 0.4000000 0.200000 0.800000 3.45000000 1.00000 0.00000 
Ba    core 0.4000000 0.400000 1.000000 3.45000000 1.00000 0.00000 
Ba    core 0.4000000 0.400000 0.200000 3.45000000 1.00000 0.00000 
Ba    core 0.4000000 0.400000 0.400000 3.45000000 1.00000 0.00000 
Ba    core 0.4000000 0.400000 0.600000 3.45000000 1.00000 0.00000 
Ba    core 0.4000000 0.400000 0.800000 3.45000000 1.00000 0.00000 
Ba    core 0.4000000 0.600000 1.000000 3.45000000 1.00000 0.00000 
Ba    core 0.4000000 0.600000 0.200000 3.45000000 1.00000 0.00000 
Ba    core 0.4000000 0.600000 0.400000 3.45000000 1.00000 0.00000 
Ba    core 0.4000000 0.600000 0.600000 3.45000000 1.00000 0.00000 
Ba    core 0.4000000 0.600000 0.800000 3.45000000 1.00000 0.00000 
Ba    core 0.4000000 0.800000 1.000000 3.45000000 1.00000 0.00000 
Ba    core 0.4000000 0.800000 0.200000 3.45000000 1.00000 0.00000 
Ba    core 0.4000000 0.800000 0.400000 3.45000000 1.00000 0.00000 
Ba    core 0.4000000 0.800000 0.600000 3.45000000 1.00000 0.00000 
Ba    core 0.4000000 0.800000 0.800000 3.45000000 1.00000 0.00000 
Ba    core 0.6000000 0.000000 1.000000 3.45000000 1.00000 0.00000 
Ba    core 0.6000000 0.000000 0.200000 3.45000000 1.00000 0.00000 
Ba    core 0.6000000 0.000000 0.400000 3.45000000 1.00000 0.00000 
Ba    core 0.6000000 0.000000 0.600000 3.45000000 1.00000 0.00000 
Ba    core 0.6000000 0.000000 0.800000 3.45000000 1.00000 0.00000 
Ba    core 0.6000000 0.200000 1.000000 3.45000000 1.00000 0.00000 
Ba    core 0.6000000 0.200000 0.200000 3.45000000 1.00000 0.00000 
Ba    core 0.6000000 0.200000 0.400000 3.45000000 1.00000 0.00000 
Ba    core 0.6000000 0.200000 0.600000 3.45000000 1.00000 0.00000 
Ba    core 0.6000000 0.200000 0.800000 3.45000000 1.00000 0.00000 
Ba    core 0.6000000 0.400000 1.000000 3.45000000 1.00000 0.00000 
Ba    core 0.6000000 0.400000 0.200000 3.45000000 1.00000 0.00000 
Ba    core 0.6000000 0.400000 0.400000 3.45000000 1.00000 0.00000 
Ba    core 0.6000000 0.400000 0.600000 3.45000000 1.00000 0.00000 
Ba    core 0.6000000 0.400000 0.800000 3.45000000 1.00000 0.00000 
Ba    core 0.6000000 0.600000 1.000000 3.45000000 1.00000 0.00000 
Ba    core 0.6000000 0.600000 0.200000 3.45000000 1.00000 0.00000 
Ba    core 0.6000000 0.600000 0.400000 3.45000000 1.00000 0.00000 
Ba    core 0.6000000 0.600000 0.600000 3.45000000 1.00000 0.00000 
Ba    core 0.6000000 0.600000 0.800000 3.45000000 1.00000 0.00000 
Ba    core 0.6000000 0.800000 1.000000 3.45000000 1.00000 0.00000 
Ba    core 0.6000000 0.800000 0.200000 3.45000000 1.00000 0.00000 
Ba    core 0.6000000 0.800000 0.400000 3.45000000 1.00000 0.00000 
Ba    core 0.6000000 0.800000 0.600000 3.45000000 1.00000 0.00000 
Ba    core 0.6000000 0.800000 0.800000 3.45000000 1.00000 0.00000 
Ba    core 0.8000000 0.000000 1.000000 3.45000000 1.00000 0.00000 
Ba    core 0.8000000 0.000000 0.200000 3.45000000 1.00000 0.00000 
Ba    core 0.8000000 0.000000 0.400000 3.45000000 1.00000 0.00000 
Ba    core 0.8000000 0.000000 0.600000 3.45000000 1.00000 0.00000 
Ba    core 0.8000000 0.000000 0.800000 3.45000000 1.00000 0.00000 
Ba    core 0.8000000 0.200000 1.000000 3.45000000 1.00000 0.00000 
Ba    core 0.8000000 0.200000 0.200000 3.45000000 1.00000 0.00000 
Ba    core 0.8000000 0.200000 0.400000 3.45000000 1.00000 0.00000 
Ba    core 0.8000000 0.200000 0.600000 3.45000000 1.00000 0.00000 
Ba    core 0.8000000 0.200000 0.800000 3.45000000 1.00000 0.00000 
Ba    core 0.8000000 0.400000 1.000000 3.45000000 1.00000 0.00000 
Ba    core 0.8000000 0.400000 0.200000 3.45000000 1.00000 0.00000 
Ba    core 0.8000000 0.400000 0.400000 3.45000000 1.00000 0.00000 
Ba    core 0.8000000 0.400000 0.600000 3.45000000 1.00000 0.00000 
Ba    core 0.8000000 0.400000 0.800000 3.45000000 1.00000 0.00000 
Ba    core 0.8000000 0.600000 1.000000 3.45000000 1.00000 0.00000 
Ba    core 0.8000000 0.600000 0.200000 3.45000000 1.00000 0.00000 
Ba    core 0.8000000 0.600000 0.400000 3.45000000 1.00000 0.00000 
Ba    core 0.8000000 0.600000 0.600000 3.45000000 1.00000 0.00000 
Ba    core 0.8000000 0.600000 0.800000 3.45000000 1.00000 0.00000 
Ba    core 0.8000000 0.800000 1.000000 3.45000000 1.00000 0.00000 
Ba    core 0.8000000 0.800000 0.200000 3.45000000 1.00000 0.00000 
Ba    core 0.8000000 0.800000 0.400000 3.45000000 1.00000 0.00000 
Ba    core 0.8000000 0.800000 0.600000 3.45000000 1.00000 0.00000 
Ti    core 0.1000000 0.100000 0.100000 4.00000000 1.00000 0.00000 
Ti    core 0.1000000 0.100000 0.300000 4.00000000 1.00000 0.00000 
Ti    core 0.1000000 0.100000 0.500000 4.00000000 1.00000 0.00000 
Ti    core 0.1000000 0.100000 0.700000 4.00000000 1.00000 0.00000 
Ti    core 0.1000000 0.100000 0.900000 4.00000000 1.00000 0.00000 
Ti    core 0.1000000 0.300000 0.100000 4.00000000 1.00000 0.00000 
Ti    core 0.1000000 0.300000 0.300000 4.00000000 1.00000 0.00000 
Ti    core 0.1000000 0.300000 0.500000 4.00000000 1.00000 0.00000 
Ti    core 0.1000000 0.300000 0.700000 4.00000000 1.00000 0.00000 
Ti    core 0.1000000 0.300000 0.900000 4.00000000 1.00000 0.00000 
Ti    core 0.1000000 0.500000 0.100000 4.00000000 1.00000 0.00000 
Ti    core 0.1000000 0.500000 0.300000 4.00000000 1.00000 0.00000 
Ti    core 0.1000000 0.500000 0.500000 4.00000000 1.00000 0.00000 
Ti    core 0.1000000 0.500000 0.700000 4.00000000 1.00000 0.00000 
Ti    core 0.1000000 0.500000 0.900000 4.00000000 1.00000 0.00000 
Ti    core 0.1000000 0.700000 0.100000 4.00000000 1.00000 0.00000 
Ti    core 0.1000000 0.700000 0.300000 4.00000000 1.00000 0.00000 
Ti    core 0.1000000 0.700000 0.500000 4.00000000 1.00000 0.00000 
Ti    core 0.1000000 0.700000 0.700000 4.00000000 1.00000 0.00000 
Ti    core 0.1000000 0.700000 0.900000 4.00000000 1.00000 0.00000 
Ti    core 0.1000000 0.900000 0.100000 4.00000000 1.00000 0.00000 
Ti    core 0.1000000 0.900000 0.300000 4.00000000 1.00000 0.00000 
Ti    core 0.1000000 0.900000 0.500000 4.00000000 1.00000 0.00000 
Ti    core 0.1000000 0.900000 0.700000 4.00000000 1.00000 0.00000 
Ti    core 0.1000000 0.900000 0.900000 4.00000000 1.00000 0.00000 
Ti    core 0.3000000 0.100000 0.100000 4.00000000 1.00000 0.00000 
Ti    core 0.3000000 0.100000 0.300000 4.00000000 1.00000 0.00000 
Ti    core 0.3000000 0.100000 0.500000 4.00000000 1.00000 0.00000 
Ti    core 0.3000000 0.100000 0.700000 4.00000000 1.00000 0.00000 
Ti    core 0.3000000 0.100000 0.900000 4.00000000 1.00000 0.00000 
Ti    core 0.3000000 0.300000 0.100000 4.00000000 1.00000 0.00000 
Ti    core 0.3000000 0.300000 0.300000 4.00000000 1.00000 0.00000 
Ti    core 0.3000000 0.300000 0.500000 4.00000000 1.00000 0.00000 
Ti    core 0.3000000 0.300000 0.700000 4.00000000 1.00000 0.00000 
Ti    core 0.3000000 0.300000 0.900000 4.00000000 1.00000 0.00000 
Ti    core 0.3000000 0.500000 0.100000 4.00000000 1.00000 0.00000 
Ti    core 0.3000000 0.500000 0.300000 4.00000000 1.00000 0.00000 
Ti    core 0.3000000 0.500000 0.500000 4.00000000 1.00000 0.00000 
Ti    core 0.3000000 0.500000 0.700000 4.00000000 1.00000 0.00000 
Ti    core 0.3000000 0.500000 0.900000 4.00000000 1.00000 0.00000 
Ti    core 0.3000000 0.700000 0.100000 4.00000000 1.00000 0.00000 
Ti    core 0.3000000 0.700000 0.300000 4.00000000 1.00000 0.00000 
Ti    core 0.3000000 0.700000 0.500000 4.00000000 1.00000 0.00000 
Ti    core 0.3000000 0.700000 0.700000 4.00000000 1.00000 0.00000 
Ti    core 0.3000000 0.700000 0.900000 4.00000000 1.00000 0.00000 
Ti    core 0.3000000 0.900000 0.100000 4.00000000 1.00000 0.00000 
Ti    core 0.3000000 0.900000 0.300000 4.00000000 1.00000 0.00000 
Ti    core 0.3000000 0.900000 0.500000 4.00000000 1.00000 0.00000 
Ti    core 0.3000000 0.900000 0.700000 4.00000000 1.00000 0.00000 
Ti    core 0.3000000 0.900000 0.900000 4.00000000 1.00000 0.00000 
Ti    core 0.5000000 0.100000 0.100000 4.00000000 1.00000 0.00000 
Ti    core 0.5000000 0.100000 0.300000 4.00000000 1.00000 0.00000 
Ti    core 0.5000000 0.100000 0.500000 4.00000000 1.00000 0.00000 
Ti    core 0.5000000 0.100000 0.700000 4.00000000 1.00000 0.00000 
Ti    core 0.5000000 0.100000 0.900000 4.00000000 1.00000 0.00000 
Ti    core 0.5000000 0.300000 0.100000 4.00000000 1.00000 0.00000 
Ti    core 0.5000000 0.300000 0.300000 4.00000000 1.00000 0.00000 
Ti    core 0.5000000 0.300000 0.500000 4.00000000 1.00000 0.00000 
Ti    core 0.5000000 0.300000 0.700000 4.00000000 1.00000 0.00000 
Ti    core 0.5000000 0.300000 0.900000 4.00000000 1.00000 0.00000 
Ti    core 0.5000000 0.500000 0.100000 4.00000000 1.00000 0.00000 
Ti    core 0.5000000 0.500000 0.300000 4.00000000 1.00000 0.00000 
Ti    core 0.5000000 0.500000 0.500000 4.00000000 1.00000 0.00000 
Ti    core 0.5000000 0.500000 0.700000 4.00000000 1.00000 0.00000 
Ti    core 0.5000000 0.500000 0.900000 4.00000000 1.00000 0.00000 
Ti    core 0.5000000 0.700000 0.100000 4.00000000 1.00000 0.00000 
Ti    core 0.5000000 0.700000 0.300000 4.00000000 1.00000 0.00000 
Ti    core 0.5000000 0.700000 0.500000 4.00000000 1.00000 0.00000 
Ti    core 0.5000000 0.700000 0.700000 4.00000000 1.00000 0.00000 
Ti    core 0.5000000 0.700000 0.900000 4.00000000 1.00000 0.00000 
Ti    core 0.5000000 0.900000 0.100000 4.00000000 1.00000 0.00000 
Ti    core 0.5000000 0.900000 0.300000 4.00000000 1.00000 0.00000 
Ti    core 0.5000000 0.900000 0.500000 4.00000000 1.00000 0.00000 
Ti    core 0.5000000 0.900000 0.700000 4.00000000 1.00000 0.00000 
Ti    core 0.5000000 0.900000 0.900000 4.00000000 1.00000 0.00000 
Ti    core 0.7000000 0.100000 0.100000 4.00000000 1.00000 0.00000 
Ti    core 0.7000000 0.100000 0.300000 4.00000000 1.00000 0.00000 
Ti    core 0.7000000 0.100000 0.500000 4.00000000 1.00000 0.00000 
Ti    core 0.7000000 0.100000 0.700000 4.00000000 1.00000 0.00000 
Ti    core 0.7000000 0.100000 0.900000 4.00000000 1.00000 0.00000 
Ti    core 0.7000000 0.300000 0.100000 4.00000000 1.00000 0.00000 
Ti    core 0.7000000 0.300000 0.300000 4.00000000 1.00000 0.00000 
Ti    core 0.7000000 0.300000 0.500000 4.00000000 1.00000 0.00000 
Ti    core 0.7000000 0.300000 0.700000 4.00000000 1.00000 0.00000 
Ti    core 0.7000000 0.300000 0.900000 4.00000000 1.00000 0.00000 
Ti    core 0.7000000 0.500000 0.100000 4.00000000 1.00000 0.00000 
Ti    core 0.7000000 0.500000 0.300000 4.00000000 1.00000 0.00000 
Ti    core 0.7000000 0.500000 0.500000 4.00000000 1.00000 0.00000 
Ti    core 0.7000000 0.500000 0.700000 4.00000000 1.00000 0.00000 
Ti    core 0.7000000 0.500000 0.900000 4.00000000 1.00000 0.00000 
Ti    core 0.7000000 0.700000 0.100000 4.00000000 1.00000 0.00000 
Ti    core 0.7000000 0.700000 0.300000 4.00000000 1.00000 0.00000 
Ti    core 0.7000000 0.700000 0.500000 4.00000000 1.00000 0.00000 
Ti    core 0.7000000 0.700000 0.700000 4.00000000 1.00000 0.00000 
Ti    core 0.7000000 0.700000 0.900000 4.00000000 1.00000 0.00000 
Ti    core 0.7000000 0.900000 0.100000 4.00000000 1.00000 0.00000 
Ti    core 0.7000000 0.900000 0.300000 4.00000000 1.00000 0.00000 
Ti    core 0.7000000 0.900000 0.500000 4.00000000 1.00000 0.00000 
Ti    core 0.7000000 0.900000 0.700000 4.00000000 1.00000 0.00000 
Ti    core 0.7000000 0.900000 0.900000 4.00000000 1.00000 0.00000 
Ti    core 0.9000000 0.100000 0.100000 4.00000000 1.00000 0.00000 
Ti    core 0.9000000 0.100000 0.300000 4.00000000 1.00000 0.00000 
Ti    core 0.9000000 0.100000 0.500000 4.00000000 1.00000 0.00000 
Ti    core 0.9000000 0.100000 0.700000 4.00000000 1.00000 0.00000 
Ti    core 0.9000000 0.100000 0.900000 4.00000000 1.00000 0.00000 
Ti    core 0.9000000 0.300000 0.100000 4.00000000 1.00000 0.00000 
Ti    core 0.9000000 0.300000 0.300000 4.00000000 1.00000 0.00000 
Ti    core 0.9000000 0.300000 0.500000 4.00000000 1.00000 0.00000 
Ti    core 0.9000000 0.300000 0.700000 4.00000000 1.00000 0.00000 
Ti    core 0.9000000 0.500000 0.100000 4.00000000 1.00000 0.00000 
Ti    core 0.9000000 0.500000 0.300000 4.00000000 1.00000 0.00000 
Ti    core 0.9000000 0.500000 0.500000 4.00000000 1.00000 0.00000 
Ti    core 0.9000000 0.500000 0.700000 4.00000000 1.00000 0.00000 
Ti    core 0.9000000 0.500000 0.900000 4.00000000 1.00000 0.00000 
Ti    core 0.9000000 0.700000 0.100000 4.00000000 1.00000 0.00000 
Ti    core 0.9000000 0.700000 0.300000 4.00000000 1.00000 0.00000 
Ti    core 0.9000000 0.700000 0.500000 4.00000000 1.00000 0.00000 
Ti    core 0.9000000 0.700000 0.700000 4.00000000 1.00000 0.00000 
Ti    core 0.9000000 0.700000 0.900000 4.00000000 1.00000 0.00000 
Ti    core 0.9000000 0.900000 0.100000 4.00000000 1.00000 0.00000 
Ti    core 0.9000000 0.900000 0.300000 4.00000000 1.00000 0.00000 
Ti    core 0.9000000 0.900000 0.500000 4.00000000 1.00000 0.00000 
Ti    core 0.9000000 0.900000 0.700000 4.00000000 1.00000 0.00000 
Ti    core 0.9000000 0.900000 0.900000 4.00000000 1.00000 0.00000 
O     core 0.1000000 0.100000 1.000000 0.47200000 1.00000 0.00000 
O     core 0.1000000 0.100000 0.200000 0.47200000 1.00000 0.00000 
O     core 0.1000000 0.100000 0.400000 0.47200000 1.00000 0.00000 
O     core 0.1000000 0.100000 0.600000 0.47200000 1.00000 0.00000 
O     core 0.1000000 0.100000 0.800000 0.47200000 1.00000 0.00000 
O     core 0.1000000 0.300000 1.000000 0.47200000 1.00000 0.00000 
O     core 0.1000000 0.300000 0.200000 0.47200000 1.00000 0.00000 
O     core 0.1000000 0.300000 0.400000 0.47200000 1.00000 0.00000 
O     core 0.1000000 0.300000 0.600000 0.47200000 1.00000 0.00000 
O     core 0.1000000 0.300000 0.800000 0.47200000 1.00000 0.00000 
O     core 0.1000000 0.500000 1.000000 0.47200000 1.00000 0.00000 
O     core 0.1000000 0.500000 0.200000 0.47200000 1.00000 0.00000 
O     core 0.1000000 0.500000 0.400000 0.47200000 1.00000 0.00000 
O     core 0.1000000 0.500000 0.600000 0.47200000 1.00000 0.00000 
O     core 0.1000000 0.500000 0.800000 0.47200000 1.00000 0.00000 
O     core 0.1000000 0.700000 1.000000 0.47200000 1.00000 0.00000 
O     core 0.1000000 0.700000 0.200000 0.47200000 1.00000 0.00000 
O     core 0.1000000 0.700000 0.400000 0.47200000 1.00000 0.00000 
O     core 0.1000000 0.700000 0.600000 0.47200000 1.00000 0.00000 
O     core 0.1000000 0.700000 0.800000 0.47200000 1.00000 0.00000 
O     core 0.1000000 0.900000 1.000000 0.47200000 1.00000 0.00000 
O     core 0.1000000 0.900000 0.200000 0.47200000 1.00000 0.00000 
O     core 0.1000000 0.900000 0.400000 0.47200000 1.00000 0.00000 
O     core 0.1000000 0.900000 0.600000 0.47200000 1.00000 0.00000 
O     core 0.1000000 0.900000 0.800000 0.47200000 1.00000 0.00000 
O     core 0.3000000 0.100000 1.000000 0.47200000 1.00000 0.00000 
O     core 0.3000000 0.100000 0.200000 0.47200000 1.00000 0.00000 
O     core 0.3000000 0.100000 0.400000 0.47200000 1.00000 0.00000 
O     core 0.3000000 0.100000 0.600000 0.47200000 1.00000 0.00000 
O     core 0.3000000 0.100000 0.800000 0.47200000 1.00000 0.00000 
O     core 0.3000000 0.300000 1.000000 0.47200000 1.00000 0.00000 
O     core 0.3000000 0.300000 0.200000 0.47200000 1.00000 0.00000 
O     core 0.3000000 0.300000 0.400000 0.47200000 1.00000 0.00000 
O     core 0.3000000 0.300000 0.600000 0.47200000 1.00000 0.00000 
O     core 0.3000000 0.300000 0.800000 0.47200000 1.00000 0.00000 
O     core 0.3000000 0.500000 1.000000 0.47200000 1.00000 0.00000 
O     core 0.3000000 0.500000 0.200000 0.47200000 1.00000 0.00000 
O     core 0.3000000 0.500000 0.400000 0.47200000 1.00000 0.00000 
O     core 0.3000000 0.500000 0.600000 0.47200000 1.00000 0.00000 
O     core 0.3000000 0.500000 0.800000 0.47200000 1.00000 0.00000 
O     core 0.3000000 0.700000 1.000000 0.47200000 1.00000 0.00000 
O     core 0.3000000 0.700000 0.200000 0.47200000 1.00000 0.00000 
O     core 0.3000000 0.700000 0.400000 0.47200000 1.00000 0.00000 
O     core 0.3000000 0.700000 0.600000 0.47200000 1.00000 0.00000 
O     core 0.3000000 0.700000 0.800000 0.47200000 1.00000 0.00000 
O     core 0.3000000 0.900000 1.000000 0.47200000 1.00000 0.00000 
O     core 0.3000000 0.900000 0.200000 0.47200000 1.00000 0.00000 
O     core 0.3000000 0.900000 0.400000 0.47200000 1.00000 0.00000 
O     core 0.3000000 0.900000 0.600000 0.47200000 1.00000 0.00000 
O     core 0.3000000 0.900000 0.800000 0.47200000 1.00000 0.00000 
O     core 0.5000000 0.100000 1.000000 0.47200000 1.00000 0.00000 
O     core 0.5000000 0.100000 0.200000 0.47200000 1.00000 0.00000 
O     core 0.5000000 0.100000 0.400000 0.47200000 1.00000 0.00000 
O     core 0.5000000 0.100000 0.600000 0.47200000 1.00000 0.00000 
O     core 0.5000000 0.100000 0.800000 0.47200000 1.00000 0.00000 
O     core 0.5000000 0.300000 1.000000 0.47200000 1.00000 0.00000 
O     core 0.5000000 0.300000 0.200000 0.47200000 1.00000 0.00000 
O     core 0.5000000 0.300000 0.400000 0.47200000 1.00000 0.00000 
O     core 0.5000000 0.300000 0.600000 0.47200000 1.00000 0.00000 
O     core 0.5000000 0.300000 0.800000 0.47200000 1.00000 0.00000 
O     core 0.5000000 0.500000 1.000000 0.47200000 1.00000 0.00000 
O     core 0.5000000 0.500000 0.200000 0.47200000 1.00000 0.00000 
O     core 0.5000000 0.500000 0.400000 0.47200000 1.00000 0.00000 
O     core 0.5000000 0.500000 0.600000 0.47200000 1.00000 0.00000 
O     core 0.5000000 0.500000 0.800000 0.47200000 1.00000 0.00000 
O     core 0.5000000 0.700000 1.000000 0.47200000 1.00000 0.00000 
O     core 0.5000000 0.700000 0.200000 0.47200000 1.00000 0.00000 
O     core 0.5000000 0.700000 0.400000 0.47200000 1.00000 0.00000 
O     core 0.5000000 0.700000 0.600000 0.47200000 1.00000 0.00000 
O     core 0.5000000 0.700000 0.800000 0.47200000 1.00000 0.00000 
O     core 0.5000000 0.900000 1.000000 0.47200000 1.00000 0.00000 
O     core 0.5000000 0.900000 0.200000 0.47200000 1.00000 0.00000 
O     core 0.5000000 0.900000 0.400000 0.47200000 1.00000 0.00000 
O     core 0.5000000 0.900000 0.600000 0.47200000 1.00000 0.00000 
O     core 0.5000000 0.900000 0.800000 0.47200000 1.00000 0.00000 
O     core 0.7000000 0.100000 1.000000 0.47200000 1.00000 0.00000 
O     core 0.7000000 0.100000 0.200000 0.47200000 1.00000 0.00000 
O     core 0.7000000 0.100000 0.400000 0.47200000 1.00000 0.00000 
O     core 0.7000000 0.100000 0.600000 0.47200000 1.00000 0.00000 
O     core 0.7000000 0.100000 0.800000 0.47200000 1.00000 0.00000 
O     core 0.7000000 0.300000 1.000000 0.47200000 1.00000 0.00000 
O     core 0.7000000 0.300000 0.200000 0.47200000 1.00000 0.00000 
O     core 0.7000000 0.300000 0.400000 0.47200000 1.00000 0.00000 
O     core 0.7000000 0.300000 0.600000 0.47200000 1.00000 0.00000 
O     core 0.7000000 0.300000 0.800000 0.47200000 1.00000 0.00000 
O     core 0.7000000 0.500000 1.000000 0.47200000 1.00000 0.00000 
O     core 0.7000000 0.500000 0.200000 0.47200000 1.00000 0.00000 
O     core 0.7000000 0.500000 0.400000 0.47200000 1.00000 0.00000 
O     core 0.7000000 0.500000 0.600000 0.47200000 1.00000 0.00000 
O     core 0.7000000 0.500000 0.800000 0.47200000 1.00000 0.00000 
O     core 0.7000000 0.700000 1.000000 0.47200000 1.00000 0.00000 
O     core 0.7000000 0.700000 0.200000 0.47200000 1.00000 0.00000 
O     core 0.7000000 0.700000 0.400000 0.47200000 1.00000 0.00000 
O     core 0.7000000 0.700000 0.600000 0.47200000 1.00000 0.00000 
O     core 0.7000000 0.700000 0.800000 0.47200000 1.00000 0.00000 
O     core 0.7000000 0.900000 1.000000 0.47200000 1.00000 0.00000 
O     core 0.7000000 0.900000 0.200000 0.47200000 1.00000 0.00000 
O     core 0.7000000 0.900000 0.400000 0.47200000 1.00000 0.00000 
O     core 0.7000000 0.900000 0.600000 0.47200000 1.00000 0.00000 
O     core 0.7000000 0.900000 0.800000 0.47200000 1.00000 0.00000 
O     core 0.9000000 0.100000 1.000000 0.47200000 1.00000 0.00000 
O     core 0.9000000 0.100000 0.200000 0.47200000 1.00000 0.00000 
O     core 0.9000000 0.100000 0.400000 0.47200000 1.00000 0.00000 
O     core 0.9000000 0.100000 0.600000 0.47200000 1.00000 0.00000 
O     core 0.9000000 0.100000 0.800000 0.47200000 1.00000 0.00000 
O     core 0.9000000 0.300000 1.000000 0.47200000 1.00000 0.00000 
O     core 0.9000000 0.300000 0.200000 0.47200000 1.00000 0.00000 
O     core 0.9000000 0.300000 0.400000 0.47200000 1.00000 0.00000 
O     core 0.9000000 0.300000 0.600000 0.47200000 1.00000 0.00000 
O     core 0.9000000 0.300000 0.800000 0.47200000 1.00000 0.00000 
O     core 0.9000000 0.500000 1.000000 0.47200000 1.00000 0.00000 
O     core 0.9000000 0.500000 0.200000 0.47200000 1.00000 0.00000 
O     core 0.9000000 0.500000 0.400000 0.47200000 1.00000 0.00000 
O     core 0.9000000 0.500000 0.600000 0.47200000 1.00000 0.00000 
O     core 0.9000000 0.500000 0.800000 0.47200000 1.00000 0.00000 
O     core 0.9000000 0.700000 1.000000 0.47200000 1.00000 0.00000 
O     core 0.9000000 0.700000 0.200000 0.47200000 1.00000 0.00000 
O     core 0.9000000 0.700000 0.400000 0.47200000 1.00000 0.00000 
O     core 0.9000000 0.700000 0.600000 0.47200000 1.00000 0.00000 
O     core 0.9000000 0.700000 0.800000 0.47200000 1.00000 0.00000 
O     core 0.9000000 0.900000 1.000000 0.47200000 1.00000 0.00000 
O     core 0.9000000 0.900000 0.200000 0.47200000 1.00000 0.00000 
O     core 0.9000000 0.900000 0.400000 0.47200000 1.00000 0.00000 
O     core 0.9000000 0.900000 0.600000 0.47200000 1.00000 0.00000 
O     core 0.9000000 0.900000 0.800000 0.47200000 1.00000 0.00000 
O     core 0.0000000 0.100000 0.100000 0.47200000 1.00000 0.00000 
O     core 0.0000000 0.100000 0.300000 0.47200000 1.00000 0.00000 
O     core 0.0000000 0.100000 0.500000 0.47200000 1.00000 0.00000 
O     core 0.0000000 0.100000 0.700000 0.47200000 1.00000 0.00000 
O     core 0.0000000 0.100000 0.900000 0.47200000 1.00000 0.00000 
O     core 0.0000000 0.300000 0.100000 0.47200000 1.00000 0.00000 
O     core 0.0000000 0.300000 0.300000 0.47200000 1.00000 0.00000 
O     core 0.0000000 0.300000 0.500000 0.47200000 1.00000 0.00000 
O     core 0.0000000 0.300000 0.700000 0.47200000 1.00000 0.00000 
O     core 0.0000000 0.300000 0.900000 0.47200000 1.00000 0.00000 
O     core 0.0000000 0.500000 0.100000 0.47200000 1.00000 0.00000 
O     core 0.0000000 0.500000 0.300000 0.47200000 1.00000 0.00000 
O     core 0.0000000 0.500000 0.500000 0.47200000 1.00000 0.00000 
O     core 0.0000000 0.500000 0.700000 0.47200000 1.00000 0.00000 
O     core 0.0000000 0.500000 0.900000 0.47200000 1.00000 0.00000 
O     core 0.0000000 0.700000 0.100000 0.47200000 1.00000 0.00000 
O     core 0.0000000 0.700000 0.300000 0.47200000 1.00000 0.00000 
O     core 0.0000000 0.700000 0.500000 0.47200000 1.00000 0.00000 
O     core 0.0000000 0.700000 0.700000 0.47200000 1.00000 0.00000 
O     core 0.0000000 0.700000 0.900000 0.47200000 1.00000 0.00000 
O     core 0.0000000 0.900000 0.100000 0.47200000 1.00000 0.00000 
O     core 0.0000000 0.900000 0.300000 0.47200000 1.00000 0.00000 
O     core 0.0000000 0.900000 0.500000 0.47200000 1.00000 0.00000 
O     core 0.0000000 0.900000 0.700000 0.47200000 1.00000 0.00000 
O     core 0.0000000 0.900000 0.900000 0.47200000 1.00000 0.00000 
O     core 0.2000000 0.100000 0.100000 0.47200000 1.00000 0.00000 
O     core 0.2000000 0.100000 0.300000 0.47200000 1.00000 0.00000 
O     core 0.2000000 0.100000 0.500000 0.47200000 1.00000 0.00000 
O     core 0.2000000 0.100000 0.700000 0.47200000 1.00000 0.00000 
O     core 0.2000000 0.100000 0.900000 0.47200000 1.00000 0.00000 
O     core 0.2000000 0.300000 0.100000 0.47200000 1.00000 0.00000 
O     core 0.2000000 0.300000 0.300000 0.47200000 1.00000 0.00000 
O     core 0.2000000 0.300000 0.500000 0.47200000 1.00000 0.00000 
O     core 0.2000000 0.300000 0.700000 0.47200000 1.00000 0.00000 
O     core 0.2000000 0.300000 0.900000 0.47200000 1.00000 0.00000 
O     core 0.2000000 0.500000 0.100000 0.47200000 1.00000 0.00000 
O     core 0.2000000 0.500000 0.300000 0.47200000 1.00000 0.00000 
O     core 0.2000000 0.500000 0.500000 0.47200000 1.00000 0.00000 
O     core 0.2000000 0.500000 0.700000 0.47200000 1.00000 0.00000 
O     core 0.2000000 0.500000 0.900000 0.47200000 1.00000 0.00000 
O     core 0.2000000 0.700000 0.100000 0.47200000 1.00000 0.00000 
O     core 0.2000000 0.700000 0.300000 0.47200000 1.00000 0.00000 
O     core 0.2000000 0.700000 0.500000 0.47200000 1.00000 0.00000 
O     core 0.2000000 0.700000 0.700000 0.47200000 1.00000 0.00000 
O     core 0.2000000 0.700000 0.900000 0.47200000 1.00000 0.00000 
O     core 0.2000000 0.900000 0.100000 0.47200000 1.00000 0.00000 
O     core 0.2000000 0.900000 0.300000 0.47200000 1.00000 0.00000 
O     core 0.2000000 0.900000 0.500000 0.47200000 1.00000 0.00000 
O     core 0.2000000 0.900000 0.700000 0.47200000 1.00000 0.00000 
O     core 0.2000000 0.900000 0.900000 0.47200000 1.00000 0.00000 
O     core 0.4000000 0.100000 0.100000 0.47200000 1.00000 0.00000 
O     core 0.4000000 0.100000 0.300000 0.47200000 1.00000 0.00000 
O     core 0.4000000 0.100000 0.500000 0.47200000 1.00000 0.00000 
O     core 0.4000000 0.100000 0.700000 0.47200000 1.00000 0.00000 
O     core 0.4000000 0.100000 0.900000 0.47200000 1.00000 0.00000 
O     core 0.4000000 0.300000 0.100000 0.47200000 1.00000 0.00000 
O     core 0.4000000 0.300000 0.300000 0.47200000 1.00000 0.00000 
O     core 0.4000000 0.300000 0.500000 0.47200000 1.00000 0.00000 
O     core 0.4000000 0.300000 0.700000 0.47200000 1.00000 0.00000 
O     core 0.4000000 0.300000 0.900000 0.47200000 1.00000 0.00000 
O     core 0.4000000 0.500000 0.100000 0.47200000 1.00000 0.00000 
O     core 0.4000000 0.500000 0.300000 0.47200000 1.00000 0.00000 
O     core 0.4000000 0.500000 0.500000 0.47200000 1.00000 0.00000 
O     core 0.4000000 0.500000 0.700000 0.47200000 1.00000 0.00000 
O     core 0.4000000 0.500000 0.900000 0.47200000 1.00000 0.00000 
O     core 0.4000000 0.700000 0.100000 0.47200000 1.00000 0.00000 
O     core 0.4000000 0.700000 0.300000 0.47200000 1.00000 0.00000 
O     core 0.4000000 0.700000 0.500000 0.47200000 1.00000 0.00000 
O     core 0.4000000 0.700000 0.700000 0.47200000 1.00000 0.00000 
O     core 0.4000000 0.700000 0.900000 0.47200000 1.00000 0.00000 
O     core 0.4000000 0.900000 0.100000 0.47200000 1.00000 0.00000 
O     core 0.4000000 0.900000 0.300000 0.47200000 1.00000 0.00000 
O     core 0.4000000 0.900000 0.500000 0.47200000 1.00000 0.00000 
O     core 0.4000000 0.900000 0.700000 0.47200000 1.00000 0.00000 
O     core 0.4000000 0.900000 0.900000 0.47200000 1.00000 0.00000 
O     core 0.6000000 0.100000 0.100000 0.47200000 1.00000 0.00000 
O     core 0.6000000 0.100000 0.300000 0.47200000 1.00000 0.00000 
O     core 0.6000000 0.100000 0.500000 0.47200000 1.00000 0.00000 
O     core 0.6000000 0.100000 0.700000 0.47200000 1.00000 0.00000 
O     core 0.6000000 0.100000 0.900000 0.47200000 1.00000 0.00000 
O     core 0.6000000 0.300000 0.100000 0.47200000 1.00000 0.00000 
O     core 0.6000000 0.300000 0.300000 0.47200000 1.00000 0.00000 
O     core 0.6000000 0.300000 0.500000 0.47200000 1.00000 0.00000 
O     core 0.6000000 0.300000 0.700000 0.47200000 1.00000 0.00000 
O     core 0.6000000 0.300000 0.900000 0.47200000 1.00000 0.00000 
O     core 0.6000000 0.500000 0.100000 0.47200000 1.00000 0.00000 
O     core 0.6000000 0.500000 0.300000 0.47200000 1.00000 0.00000 
O     core 0.6000000 0.500000 0.500000 0.47200000 1.00000 0.00000 
O     core 0.6000000 0.500000 0.700000 0.47200000 1.00000 0.00000 
O     core 0.6000000 0.500000 0.900000 0.47200000 1.00000 0.00000 
O     core 0.6000000 0.700000 0.100000 0.47200000 1.00000 0.00000 
O     core 0.6000000 0.700000 0.300000 0.47200000 1.00000 0.00000 
O     core 0.6000000 0.700000 0.500000 0.47200000 1.00000 0.00000 
O     core 0.6000000 0.700000 0.700000 0.47200000 1.00000 0.00000 
O     core 0.6000000 0.700000 0.900000 0.47200000 1.00000 0.00000 
O     core 0.6000000 0.900000 0.100000 0.47200000 1.00000 0.00000 
O     core 0.6000000 0.900000 0.300000 0.47200000 1.00000 0.00000 
O     core 0.6000000 0.900000 0.500000 0.47200000 1.00000 0.00000 
O     core 0.6000000 0.900000 0.700000 0.47200000 1.00000 0.00000 
O     core 0.6000000 0.900000 0.900000 0.47200000 1.00000 0.00000 
O     core 0.8000000 0.100000 0.100000 0.47200000 1.00000 0.00000 
O     core 0.8000000 0.100000 0.300000 0.47200000 1.00000 0.00000 
O     core 0.8000000 0.100000 0.500000 0.47200000 1.00000 0.00000 
O     core 0.8000000 0.100000 0.700000 0.47200000 1.00000 0.00000 
O     core 0.8000000 0.100000 0.900000 0.47200000 1.00000 0.00000 
O     core 0.8000000 0.300000 0.100000 0.47200000 1.00000 0.00000 
O     core 0.8000000 0.300000 0.300000 0.47200000 1.00000 0.00000 
O     core 0.8000000 0.300000 0.500000 0.47200000 1.00000 0.00000 
O     core 0.8000000 0.300000 0.700000 0.47200000 1.00000 0.00000 
O     core 0.8000000 0.300000 0.900000 0.47200000 1.00000 0.00000 
O     core 0.8000000 0.500000 0.100000 0.47200000 1.00000 0.00000 
O     core 0.8000000 0.500000 0.300000 0.47200000 1.00000 0.00000 
O     core 0.8000000 0.500000 0.500000 0.47200000 1.00000 0.00000 
O     core 0.8000000 0.500000 0.700000 0.47200000 1.00000 0.00000 
O     core 0.8000000 0.500000 0.900000 0.47200000 1.00000 0.00000 
O     core 0.8000000 0.700000 0.100000 0.47200000 1.00000 0.00000 
O     core 0.8000000 0.700000 0.300000 0.47200000 1.00000 0.00000 
O     core 0.8000000 0.700000 0.500000 0.47200000 1.00000 0.00000 
O     core 0.8000000 0.700000 0.700000 0.47200000 1.00000 0.00000 
O     core 0.8000000 0.700000 0.900000 0.47200000 1.00000 0.00000 
O     core 0.8000000 0.900000 0.100000 0.47200000 1.00000 0.00000 
O     core 0.8000000 0.900000 0.300000 0.47200000 1.00000 0.00000 
O     core 0.8000000 0.900000 0.500000 0.47200000 1.00000 0.00000 
O     core 0.8000000 0.900000 0.700000 0.47200000 1.00000 0.00000 
O     core 0.8000000 0.900000 0.900000 0.47200000 1.00000 0.00000 
O     core 0.1000000 0.000000 0.100000 0.47200000 1.00000 0.00000 
O     core 0.1000000 0.000000 0.300000 0.47200000 1.00000 0.00000 
O     core 0.1000000 0.000000 0.500000 0.47200000 1.00000 0.00000 
O     core 0.1000000 0.000000 0.700000 0.47200000 1.00000 0.00000 
O     core 0.1000000 0.000000 0.900000 0.47200000 1.00000 0.00000 
O     core 0.1000000 0.200000 0.100000 0.47200000 1.00000 0.00000 
O     core 0.1000000 0.200000 0.300000 0.47200000 1.00000 0.00000 
O     core 0.1000000 0.200000 0.500000 0.47200000 1.00000 0.00000 
O     core 0.1000000 0.200000 0.700000 0.47200000 1.00000 0.00000 
O     core 0.1000000 0.200000 0.900000 0.47200000 1.00000 0.00000 
O     core 0.1000000 0.400000 0.100000 0.47200000 1.00000 0.00000 
O     core 0.1000000 0.400000 0.300000 0.47200000 1.00000 0.00000 
O     core 0.1000000 0.400000 0.500000 0.47200000 1.00000 0.00000 
O     core 0.1000000 0.400000 0.700000 0.47200000 1.00000 0.00000 
O     core 0.1000000 0.400000 0.900000 0.47200000 1.00000 0.00000 
O     core 0.1000000 0.600000 0.100000 0.47200000 1.00000 0.00000 
O     core 0.1000000 0.600000 0.300000 0.47200000 1.00000 0.00000 
O     core 0.1000000 0.600000 0.500000 0.47200000 1.00000 0.00000 
O     core 0.1000000 0.600000 0.700000 0.47200000 1.00000 0.00000 
O     core 0.1000000 0.600000 0.900000 0.47200000 1.00000 0.00000 
O     core 0.1000000 0.800000 0.100000 0.47200000 1.00000 0.00000 
O     core 0.1000000 0.800000 0.300000 0.47200000 1.00000 0.00000 
O     core 0.1000000 0.800000 0.500000 0.47200000 1.00000 0.00000 
O     core 0.1000000 0.800000 0.700000 0.47200000 1.00000 0.00000 
O     core 0.1000000 0.800000 0.900000 0.47200000 1.00000 0.00000 
O     core 0.3000000 0.000000 0.100000 0.47200000 1.00000 0.00000 
O     core 0.3000000 0.000000 0.300000 0.47200000 1.00000 0.00000 
O     core 0.3000000 0.000000 0.500000 0.47200000 1.00000 0.00000 
O     core 0.3000000 0.000000 0.700000 0.47200000 1.00000 0.00000 
O     core 0.3000000 0.000000 0.900000 0.47200000 1.00000 0.00000 
O     core 0.3000000 0.200000 0.100000 0.47200000 1.00000 0.00000 
O     core 0.3000000 0.200000 0.300000 0.47200000 1.00000 0.00000 
O     core 0.3000000 0.200000 0.500000 0.47200000 1.00000 0.00000 
O     core 0.3000000 0.200000 0.700000 0.47200000 1.00000 0.00000 
O     core 0.3000000 0.200000 0.900000 0.47200000 1.00000 0.00000 
O     core 0.3000000 0.400000 0.100000 0.47200000 1.00000 0.00000 
O     core 0.3000000 0.400000 0.300000 0.47200000 1.00000 0.00000 
O     core 0.3000000 0.400000 0.500000 0.47200000 1.00000 0.00000 
O     core 0.3000000 0.400000 0.700000 0.47200000 1.00000 0.00000 
O     core 0.3000000 0.400000 0.900000 0.47200000 1.00000 0.00000 
O     core 0.3000000 0.600000 0.100000 0.47200000 1.00000 0.00000 
O     core 0.3000000 0.600000 0.300000 0.47200000 1.00000 0.00000 
O     core 0.3000000 0.600000 0.500000 0.47200000 1.00000 0.00000 
O     core 0.3000000 0.600000 0.700000 0.47200000 1.00000 0.00000 
O     core 0.3000000 0.600000 0.900000 0.47200000 1.00000 0.00000 
O     core 0.3000000 0.800000 0.100000 0.47200000 1.00000 0.00000 
O     core 0.3000000 0.800000 0.300000 0.47200000 1.00000 0.00000 
O     core 0.3000000 0.800000 0.500000 0.47200000 1.00000 0.00000 
O     core 0.3000000 0.800000 0.700000 0.47200000 1.00000 0.00000 
O     core 0.3000000 0.800000 0.900000 0.47200000 1.00000 0.00000 
O     core 0.5000000 0.000000 0.100000 0.47200000 1.00000 0.00000 
O     core 0.5000000 0.000000 0.300000 0.47200000 1.00000 0.00000 
O     core 0.5000000 0.000000 0.500000 0.47200000 1.00000 0.00000 
O     core 0.5000000 0.000000 0.700000 0.47200000 1.00000 0.00000 
O     core 0.5000000 0.000000 0.900000 0.47200000 1.00000 0.00000 
O     core 0.5000000 0.200000 0.100000 0.47200000 1.00000 0.00000 
O     core 0.5000000 0.200000 0.300000 0.47200000 1.00000 0.00000 
O     core 0.5000000 0.200000 0.500000 0.47200000 1.00000 0.00000 
O     core 0.5000000 0.200000 0.700000 0.47200000 1.00000 0.00000 
O     core 0.5000000 0.200000 0.900000 0.47200000 1.00000 0.00000 
O     core 0.5000000 0.400000 0.100000 0.47200000 1.00000 0.00000 
O     core 0.5000000 0.400000 0.300000 0.47200000 1.00000 0.00000 
O     core 0.5000000 0.400000 0.500000 0.47200000 1.00000 0.00000 
O     core 0.5000000 0.400000 0.700000 0.47200000 1.00000 0.00000 
O     core 0.5000000 0.400000 0.900000 0.47200000 1.00000 0.00000 
O     core 0.5000000 0.600000 0.100000 0.47200000 1.00000 0.00000 
O     core 0.5000000 0.600000 0.300000 0.47200000 1.00000 0.00000 
O     core 0.5000000 0.600000 0.500000 0.47200000 1.00000 0.00000 
O     core 0.5000000 0.600000 0.700000 0.47200000 1.00000 0.00000 
O     core 0.5000000 0.600000 0.900000 0.47200000 1.00000 0.00000 
O     core 0.5000000 0.800000 0.100000 0.47200000 1.00000 0.00000 
O     core 0.5000000 0.800000 0.300000 0.47200000 1.00000 0.00000 
O     core 0.5000000 0.800000 0.500000 0.47200000 1.00000 0.00000 
O     core 0.5000000 0.800000 0.700000 0.47200000 1.00000 0.00000 
O     core 0.5000000 0.800000 0.900000 0.47200000 1.00000 0.00000 
O     core 0.7000000 0.000000 0.100000 0.47200000 1.00000 0.00000 
O     core 0.7000000 0.000000 0.300000 0.47200000 1.00000 0.00000 
O     core 0.7000000 0.000000 0.500000 0.47200000 1.00000 0.00000 
O     core 0.7000000 0.000000 0.700000 0.47200000 1.00000 0.00000 
O     core 0.7000000 0.000000 0.900000 0.47200000 1.00000 0.00000 
O     core 0.7000000 0.200000 0.100000 0.47200000 1.00000 0.00000 
O     core 0.7000000 0.200000 0.300000 0.47200000 1.00000 0.00000 
O     core 0.7000000 0.200000 0.500000 0.47200000 1.00000 0.00000 
O     core 0.7000000 0.200000 0.700000 0.47200000 1.00000 0.00000 
O     core 0.7000000 0.200000 0.900000 0.47200000 1.00000 0.00000 
O     core 0.7000000 0.400000 0.100000 0.47200000 1.00000 0.00000 
O     core 0.7000000 0.400000 0.300000 0.47200000 1.00000 0.00000 
O     core 0.7000000 0.400000 0.500000 0.47200000 1.00000 0.00000 
O     core 0.7000000 0.400000 0.700000 0.47200000 1.00000 0.00000 
O     core 0.7000000 0.400000 0.900000 0.47200000 1.00000 0.00000 
O     core 0.7000000 0.600000 0.100000 0.47200000 1.00000 0.00000 
O     core 0.7000000 0.600000 0.300000 0.47200000 1.00000 0.00000 
O     core 0.7000000 0.600000 0.500000 0.47200000 1.00000 0.00000 
O     core 0.7000000 0.600000 0.700000 0.47200000 1.00000 0.00000 
O     core 0.7000000 0.600000 0.900000 0.47200000 1.00000 0.00000 
O     core 0.7000000 0.800000 0.100000 0.47200000 1.00000 0.00000 
O     core 0.7000000 0.800000 0.300000 0.47200000 1.00000 0.00000 
O     core 0.7000000 0.800000 0.500000 0.47200000 1.00000 0.00000 
O     core 0.7000000 0.800000 0.700000 0.47200000 1.00000 0.00000 
O     core 0.7000000 0.800000 0.900000 0.47200000 1.00000 0.00000 
O     core 0.9000000 0.000000 0.100000 0.47200000 1.00000 0.00000 
O     core 0.9000000 0.000000 0.300000 0.47200000 1.00000 0.00000 
O     core 0.9000000 0.000000 0.500000 0.47200000 1.00000 0.00000 
O     core 0.9000000 0.000000 0.700000 0.47200000 1.00000 0.00000 
O     core 0.9000000 0.000000 0.900000 0.47200000 1.00000 0.00000 
O     core 0.9000000 0.200000 0.100000 0.47200000 1.00000 0.00000 
O     core 0.9000000 0.200000 0.300000 0.47200000 1.00000 0.00000 
O     core 0.9000000 0.200000 0.500000 0.47200000 1.00000 0.00000 
O     core 0.9000000 0.200000 0.700000 0.47200000 1.00000 0.00000 
O     core 0.9000000 0.200000 0.900000 0.47200000 1.00000 0.00000 
O     core 0.9000000 0.400000 0.100000 0.47200000 1.00000 0.00000 
O     core 0.9000000 0.400000 0.300000 0.47200000 1.00000 0.00000 
O     core 0.9000000 0.400000 0.500000 0.47200000 1.00000 0.00000 
O     core 0.9000000 0.400000 0.700000 0.47200000 1.00000 0.00000 
O     core 0.9000000 0.400000 0.900000 0.47200000 1.00000 0.00000 
O     core 0.9000000 0.600000 0.100000 0.47200000 1.00000 0.00000 
O     core 0.9000000 0.600000 0.300000 0.47200000 1.00000 0.00000 
O     core 0.9000000 0.600000 0.500000 0.47200000 1.00000 0.00000 
O     core 0.9000000 0.600000 0.700000 0.47200000 1.00000 0.00000 
O     core 0.9000000 0.600000 0.900000 0.47200000 1.00000 0.00000 
O     core 0.9000000 0.800000 0.100000 0.47200000 1.00000 0.00000 
O     core 0.9000000 0.800000 0.300000 0.47200000 1.00000 0.00000 
O     core 0.9000000 0.800000 0.500000 0.47200000 1.00000 0.00000 
O     core 0.9000000 0.800000 0.700000 0.47200000 1.00000 0.00000 
O     core 0.9000000 0.800000 0.900000 0.47200000 1.00000 0.00000 
Ba    shel 0.0000000 0.000000 0.000000 -1.4500000 1.00000 0.00000 
Ba    shel 1.0000000 0.000000 0.200000 -1.4500000 1.00000 0.00000 
Ba    shel 1.0000000 0.000000 0.400000 -1.4500000 1.00000 0.00000 
Ba    shel 1.0000000 0.000000 0.600000 -1.4500000 1.00000 0.00000 
Ba    shel 1.0000000 0.000000 0.800000 -1.4500000 1.00000 0.00000 
Ba    shel 1.0000000 0.200000 1.000000 -1.4500000 1.00000 0.00000 
Ba    shel 1.0000000 0.200000 0.200000 -1.4500000 1.00000 0.00000 
Ba    shel 1.0000000 0.200000 0.400000 -1.4500000 1.00000 0.00000 
Ba    shel 1.0000000 0.200000 0.600000 -1.4500000 1.00000 0.00000 
Ba    shel 1.0000000 0.200000 0.800000 -1.4500000 1.00000 0.00000 
Ba    shel 1.0000000 0.400000 1.000000 -1.4500000 1.00000 0.00000 
Ba    shel 1.0000000 0.400000 0.200000 -1.4500000 1.00000 0.00000 
Ba    shel 1.0000000 0.400000 0.400000 -1.4500000 1.00000 0.00000 
Ba    shel 1.0000000 0.400000 0.600000 -1.4500000 1.00000 0.00000 
Ba    shel 1.0000000 0.400000 0.800000 -1.4500000 1.00000 0.00000 
Ba    shel 1.0000000 0.600000 1.000000 -1.4500000 1.00000 0.00000 
Ba    shel 1.0000000 0.600000 0.200000 -1.4500000 1.00000 0.00000 
Ba    shel 1.0000000 0.600000 0.400000 -1.4500000 1.00000 0.00000 
Ba    shel 1.0000000 0.600000 0.600000 -1.4500000 1.00000 0.00000 
Ba    shel 1.0000000 0.600000 0.800000 -1.4500000 1.00000 0.00000 
Ba    shel 1.0000000 0.800000 1.000000 -1.4500000 1.00000 0.00000 
Ba    shel 1.0000000 0.800000 0.200000 -1.4500000 1.00000 0.00000 
Ba    shel 1.0000000 0.800000 0.400000 -1.4500000 1.00000 0.00000 
Ba    shel 1.0000000 0.800000 0.600000 -1.4500000 1.00000 0.00000 
Ba    shel 1.0000000 0.800000 0.800000 -1.4500000 1.00000 0.00000 
Ba    shel 0.2000000 0.000000 1.000000 -1.4500000 1.00000 0.00000 
Ba    shel 0.2000000 0.000000 0.200000 -1.4500000 1.00000 0.00000 
Ba    shel 0.2000000 0.000000 0.400000 -1.4500000 1.00000 0.00000 
Ba    shel 0.2000000 0.000000 0.600000 -1.4500000 1.00000 0.00000 
Ba    shel 0.2000000 0.000000 0.800000 -1.4500000 1.00000 0.00000 
Ba    shel 0.2000000 0.200000 1.000000 -1.4500000 1.00000 0.00000 
Ba    shel 0.2000000 0.200000 0.200000 -1.4500000 1.00000 0.00000 
Ba    shel 0.2000000 0.200000 0.400000 -1.4500000 1.00000 0.00000 
Ba    shel 0.2000000 0.200000 0.600000 -1.4500000 1.00000 0.00000 
Ba    shel 0.2000000 0.200000 0.800000 -1.4500000 1.00000 0.00000 
Ba    shel 0.2000000 0.400000 1.000000 -1.4500000 1.00000 0.00000 
Ba    shel 0.2000000 0.400000 0.200000 -1.4500000 1.00000 0.00000 
Ba    shel 0.2000000 0.400000 0.400000 -1.4500000 1.00000 0.00000 
Ba    shel 0.2000000 0.400000 0.600000 -1.4500000 1.00000 0.00000 
Ba    shel 0.2000000 0.400000 0.800000 -1.4500000 1.00000 0.00000 
Ba    shel 0.2000000 0.600000 1.000000 -1.4500000 1.00000 0.00000 
Ba    shel 0.2000000 0.600000 0.200000 -1.4500000 1.00000 0.00000 
Ba    shel 0.2000000 0.600000 0.400000 -1.4500000 1.00000 0.00000 
Ba    shel 0.2000000 0.600000 0.600000 -1.4500000 1.00000 0.00000 
Ba    shel 0.2000000 0.600000 0.800000 -1.4500000 1.00000 0.00000 
Ba    shel 0.2000000 0.800000 1.000000 -1.4500000 1.00000 0.00000 
Ba    shel 0.2000000 0.800000 0.200000 -1.4500000 1.00000 0.00000 
Ba    shel 0.2000000 0.800000 0.400000 -1.4500000 1.00000 0.00000 
Ba    shel 0.2000000 0.800000 0.600000 -1.4500000 1.00000 0.00000 
Ba    shel 0.2000000 0.800000 0.800000 -1.4500000 1.00000 0.00000 
Ba    shel 0.4000000 0.000000 1.000000 -1.4500000 1.00000 0.00000 
Ba    shel 0.4000000 0.000000 0.200000 -1.4500000 1.00000 0.00000 
Ba    shel 0.4000000 0.000000 0.400000 -1.4500000 1.00000 0.00000 
Ba    shel 0.4000000 0.000000 0.600000 -1.4500000 1.00000 0.00000 
Ba    shel 0.4000000 0.000000 0.800000 -1.4500000 1.00000 0.00000 
Ba    shel 0.4000000 0.200000 1.000000 -1.4500000 1.00000 0.00000 
Ba    shel 0.4000000 0.200000 0.200000 -1.4500000 1.00000 0.00000 
Ba    shel 0.4000000 0.200000 0.400000 -1.4500000 1.00000 0.00000 
Ba    shel 0.4000000 0.200000 0.600000 -1.4500000 1.00000 0.00000 
Ba    shel 0.4000000 0.200000 0.800000 -1.4500000 1.00000 0.00000 
Ba    shel 0.4000000 0.400000 1.000000 -1.4500000 1.00000 0.00000 
Ba    shel 0.4000000 0.400000 0.200000 -1.4500000 1.00000 0.00000 
Ba    shel 0.4000000 0.400000 0.400000 -1.4500000 1.00000 0.00000 
Ba    shel 0.4000000 0.400000 0.600000 -1.4500000 1.00000 0.00000 
Ba    shel 0.4000000 0.400000 0.800000 -1.4500000 1.00000 0.00000 
Ba    shel 0.4000000 0.600000 1.000000 -1.4500000 1.00000 0.00000 
Ba    shel 0.4000000 0.600000 0.200000 -1.4500000 1.00000 0.00000 
Ba    shel 0.4000000 0.600000 0.400000 -1.4500000 1.00000 0.00000 
Ba    shel 0.4000000 0.600000 0.600000 -1.4500000 1.00000 0.00000 
Ba    shel 0.4000000 0.600000 0.800000 -1.4500000 1.00000 0.00000 
Ba    shel 0.4000000 0.800000 1.000000 -1.4500000 1.00000 0.00000 
Ba    shel 0.4000000 0.800000 0.200000 -1.4500000 1.00000 0.00000 
Ba    shel 0.4000000 0.800000 0.400000 -1.4500000 1.00000 0.00000 
Ba    shel 0.4000000 0.800000 0.600000 -1.4500000 1.00000 0.00000 
Ba    shel 0.4000000 0.800000 0.800000 -1.4500000 1.00000 0.00000 
Ba    shel 0.6000000 0.000000 1.000000 -1.4500000 1.00000 0.00000 
Ba    shel 0.6000000 0.000000 0.200000 -1.4500000 1.00000 0.00000 
Ba    shel 0.6000000 0.000000 0.400000 -1.4500000 1.00000 0.00000 
Ba    shel 0.6000000 0.000000 0.600000 -1.4500000 1.00000 0.00000 
Ba    shel 0.6000000 0.000000 0.800000 -1.4500000 1.00000 0.00000 
Ba    shel 0.6000000 0.200000 1.000000 -1.4500000 1.00000 0.00000 
Ba    shel 0.6000000 0.200000 0.200000 -1.4500000 1.00000 0.00000 
Ba    shel 0.6000000 0.200000 0.400000 -1.4500000 1.00000 0.00000 
Ba    shel 0.6000000 0.200000 0.600000 -1.4500000 1.00000 0.00000 
Ba    shel 0.6000000 0.200000 0.800000 -1.4500000 1.00000 0.00000 
Ba    shel 0.6000000 0.400000 1.000000 -1.4500000 1.00000 0.00000 
Ba    shel 0.6000000 0.400000 0.200000 -1.4500000 1.00000 0.00000 
Ba    shel 0.6000000 0.400000 0.400000 -1.4500000 1.00000 0.00000 
Ba    shel 0.6000000 0.400000 0.600000 -1.4500000 1.00000 0.00000 
Ba    shel 0.6000000 0.400000 0.800000 -1.4500000 1.00000 0.00000 
Ba    shel 0.6000000 0.600000 1.000000 -1.4500000 1.00000 0.00000 
Ba    shel 0.6000000 0.600000 0.200000 -1.4500000 1.00000 0.00000 
Ba    shel 0.6000000 0.600000 0.400000 -1.4500000 1.00000 0.00000 
Ba    shel 0.6000000 0.600000 0.600000 -1.4500000 1.00000 0.00000 
Ba    shel 0.6000000 0.600000 0.800000 -1.4500000 1.00000 0.00000 
Ba    shel 0.6000000 0.800000 1.000000 -1.4500000 1.00000 0.00000 
Ba    shel 0.6000000 0.800000 0.200000 -1.4500000 1.00000 0.00000 
Ba    shel 0.6000000 0.800000 0.400000 -1.4500000 1.00000 0.00000 
Ba    shel 0.6000000 0.800000 0.600000 -1.4500000 1.00000 0.00000 
Ba    shel 0.6000000 0.800000 0.800000 -1.4500000 1.00000 0.00000 
Ba    shel 0.8000000 0.000000 1.000000 -1.4500000 1.00000 0.00000 
Ba    shel 0.8000000 0.000000 0.200000 -1.4500000 1.00000 0.00000 
Ba    shel 0.8000000 0.000000 0.400000 -1.4500000 1.00000 0.00000 
Ba    shel 0.8000000 0.000000 0.600000 -1.4500000 1.00000 0.00000 
Ba    shel 0.8000000 0.000000 0.800000 -1.4500000 1.00000 0.00000 
Ba    shel 0.8000000 0.200000 1.000000 -1.4500000 1.00000 0.00000 
Ba    shel 0.8000000 0.200000 0.200000 -1.4500000 1.00000 0.00000 
Ba    shel 0.8000000 0.200000 0.400000 -1.4500000 1.00000 0.00000 
Ba    shel 0.8000000 0.200000 0.600000 -1.4500000 1.00000 0.00000 
Ba    shel 0.8000000 0.200000 0.800000 -1.4500000 1.00000 0.00000 
Ba    shel 0.8000000 0.400000 1.000000 -1.4500000 1.00000 0.00000 
Ba    shel 0.8000000 0.400000 0.200000 -1.4500000 1.00000 0.00000 
Ba    shel 0.8000000 0.400000 0.400000 -1.4500000 1.00000 0.00000 
Ba    shel 0.8000000 0.400000 0.600000 -1.4500000 1.00000 0.00000 
Ba    shel 0.8000000 0.400000 0.800000 -1.4500000 1.00000 0.00000 
Ba    shel 0.8000000 0.600000 1.000000 -1.4500000 1.00000 0.00000 
Ba    shel 0.8000000 0.600000 0.200000 -1.4500000 1.00000 0.00000 
Ba    shel 0.8000000 0.600000 0.400000 -1.4500000 1.00000 0.00000 
Ba    shel 0.8000000 0.600000 0.600000 -1.4500000 1.00000 0.00000 
Ba    shel 0.8000000 0.600000 0.800000 -1.4500000 1.00000 0.00000 
Ba    shel 0.8000000 0.800000 1.000000 -1.4500000 1.00000 0.00000 
Ba    shel 0.8000000 0.800000 0.200000 -1.4500000 1.00000 0.00000 
Ba    shel 0.8000000 0.800000 0.400000 -1.4500000 1.00000 0.00000 
Ba    shel 0.8000000 0.800000 0.600000 -1.4500000 1.00000 0.00000 
O     shel 0.1000000 0.100000 1.000000 -2.4720000 1.00000 0.00000 
O     shel 0.1000000 0.100000 0.200000 -2.4720000 1.00000 0.00000 
O     shel 0.1000000 0.100000 0.400000 -2.4720000 1.00000 0.00000 
O     shel 0.1000000 0.100000 0.600000 -2.4720000 1.00000 0.00000 
O     shel 0.1000000 0.100000 0.800000 -2.4720000 1.00000 0.00000 
O     shel 0.1000000 0.300000 1.000000 -2.4720000 1.00000 0.00000 
O     shel 0.1000000 0.300000 0.200000 -2.4720000 1.00000 0.00000 
O     shel 0.1000000 0.300000 0.400000 -2.4720000 1.00000 0.00000 
O     shel 0.1000000 0.300000 0.600000 -2.4720000 1.00000 0.00000 
O     shel 0.1000000 0.300000 0.800000 -2.4720000 1.00000 0.00000 
O     shel 0.1000000 0.500000 1.000000 -2.4720000 1.00000 0.00000 
O     shel 0.1000000 0.500000 0.200000 -2.4720000 1.00000 0.00000 
O     shel 0.1000000 0.500000 0.400000 -2.4720000 1.00000 0.00000 
O     shel 0.1000000 0.500000 0.600000 -2.4720000 1.00000 0.00000 
O     shel 0.1000000 0.500000 0.800000 -2.4720000 1.00000 0.00000 
O     shel 0.1000000 0.700000 1.000000 -2.4720000 1.00000 0.00000 
O     shel 0.1000000 0.700000 0.200000 -2.4720000 1.00000 0.00000 
O     shel 0.1000000 0.700000 0.400000 -2.4720000 1.00000 0.00000 
O     shel 0.1000000 0.700000 0.600000 -2.4720000 1.00000 0.00000 
O     shel 0.1000000 0.700000 0.800000 -2.4720000 1.00000 0.00000 
O     shel 0.1000000 0.900000 1.000000 -2.4720000 1.00000 0.00000 
O     shel 0.1000000 0.900000 0.200000 -2.4720000 1.00000 0.00000 
O     shel 0.1000000 0.900000 0.400000 -2.4720000 1.00000 0.00000 
O     shel 0.1000000 0.900000 0.600000 -2.4720000 1.00000 0.00000 
O     shel 0.1000000 0.900000 0.800000 -2.4720000 1.00000 0.00000 
O     shel 0.3000000 0.100000 1.000000 -2.4720000 1.00000 0.00000 
O     shel 0.3000000 0.100000 0.200000 -2.4720000 1.00000 0.00000 
O     shel 0.3000000 0.100000 0.400000 -2.4720000 1.00000 0.00000 
O     shel 0.3000000 0.100000 0.600000 -2.4720000 1.00000 0.00000 
O     shel 0.3000000 0.100000 0.800000 -2.4720000 1.00000 0.00000 
O     shel 0.3000000 0.300000 1.000000 -2.4720000 1.00000 0.00000 
O     shel 0.3000000 0.300000 0.200000 -2.4720000 1.00000 0.00000 
O     shel 0.3000000 0.300000 0.400000 -2.4720000 1.00000 0.00000 
O     shel 0.3000000 0.300000 0.600000 -2.4720000 1.00000 0.00000 
O     shel 0.3000000 0.300000 0.800000 -2.4720000 1.00000 0.00000 
O     shel 0.3000000 0.500000 1.000000 -2.4720000 1.00000 0.00000 
O     shel 0.3000000 0.500000 0.200000 -2.4720000 1.00000 0.00000 
O     shel 0.3000000 0.500000 0.400000 -2.4720000 1.00000 0.00000 
O     shel 0.3000000 0.500000 0.600000 -2.4720000 1.00000 0.00000 
O     shel 0.3000000 0.500000 0.800000 -2.4720000 1.00000 0.00000 
O     shel 0.3000000 0.700000 1.000000 -2.4720000 1.00000 0.00000 
O     shel 0.3000000 0.700000 0.200000 -2.4720000 1.00000 0.00000 
O     shel 0.3000000 0.700000 0.400000 -2.4720000 1.00000 0.00000 
O     shel 0.3000000 0.700000 0.600000 -2.4720000 1.00000 0.00000 
O     shel 0.3000000 0.700000 0.800000 -2.4720000 1.00000 0.00000 
O     shel 0.3000000 0.900000 1.000000 -2.4720000 1.00000 0.00000 
O     shel 0.3000000 0.900000 0.200000 -2.4720000 1.00000 0.00000 
O     shel 0.3000000 0.900000 0.400000 -2.4720000 1.00000 0.00000 
O     shel 0.3000000 0.900000 0.600000 -2.4720000 1.00000 0.00000 
O     shel 0.3000000 0.900000 0.800000 -2.4720000 1.00000 0.00000 
O     shel 0.5000000 0.100000 1.000000 -2.4720000 1.00000 0.00000 
O     shel 0.5000000 0.100000 0.200000 -2.4720000 1.00000 0.00000 
O     shel 0.5000000 0.100000 0.400000 -2.4720000 1.00000 0.00000 
O     shel 0.5000000 0.100000 0.600000 -2.4720000 1.00000 0.00000 
O     shel 0.5000000 0.100000 0.800000 -2.4720000 1.00000 0.00000 
O     shel 0.5000000 0.300000 1.000000 -2.4720000 1.00000 0.00000 
O     shel 0.5000000 0.300000 0.200000 -2.4720000 1.00000 0.00000 
O     shel 0.5000000 0.300000 0.400000 -2.4720000 1.00000 0.00000 
O     shel 0.5000000 0.300000 0.600000 -2.4720000 1.00000 0.00000 
O     shel 0.5000000 0.300000 0.800000 -2.4720000 1.00000 0.00000 
O     shel 0.5000000 0.500000 1.000000 -2.4720000 1.00000 0.00000 
O     shel 0.5000000 0.500000 0.200000 -2.4720000 1.00000 0.00000 
O     shel 0.5000000 0.500000 0.400000 -2.4720000 1.00000 0.00000 
O     shel 0.5000000 0.500000 0.600000 -2.4720000 1.00000 0.00000 
O     shel 0.5000000 0.500000 0.800000 -2.4720000 1.00000 0.00000 
O     shel 0.5000000 0.700000 1.000000 -2.4720000 1.00000 0.00000 
O     shel 0.5000000 0.700000 0.200000 -2.4720000 1.00000 0.00000 
O     shel 0.5000000 0.700000 0.400000 -2.4720000 1.00000 0.00000 
O     shel 0.5000000 0.700000 0.600000 -2.4720000 1.00000 0.00000 
O     shel 0.5000000 0.700000 0.800000 -2.4720000 1.00000 0.00000 
O     shel 0.5000000 0.900000 1.000000 -2.4720000 1.00000 0.00000 
O     shel 0.5000000 0.900000 0.200000 -2.4720000 1.00000 0.00000 
O     shel 0.5000000 0.900000 0.400000 -2.4720000 1.00000 0.00000 
O     shel 0.5000000 0.900000 0.600000 -2.4720000 1.00000 0.00000 
O     shel 0.5000000 0.900000 0.800000 -2.4720000 1.00000 0.00000 
O     shel 0.7000000 0.100000 1.000000 -2.4720000 1.00000 0.00000 
O     shel 0.7000000 0.100000 0.200000 -2.4720000 1.00000 0.00000 
O     shel 0.7000000 0.100000 0.400000 -2.4720000 1.00000 0.00000 
O     shel 0.7000000 0.100000 0.600000 -2.4720000 1.00000 0.00000 
O     shel 0.7000000 0.100000 0.800000 -2.4720000 1.00000 0.00000 
O     shel 0.7000000 0.300000 1.000000 -2.4720000 1.00000 0.00000 
O     shel 0.7000000 0.300000 0.200000 -2.4720000 1.00000 0.00000 
O     shel 0.7000000 0.300000 0.400000 -2.4720000 1.00000 0.00000 
O     shel 0.7000000 0.300000 0.600000 -2.4720000 1.00000 0.00000 
O     shel 0.7000000 0.300000 0.800000 -2.4720000 1.00000 0.00000 
O     shel 0.7000000 0.500000 1.000000 -2.4720000 1.00000 0.00000 
O     shel 0.7000000 0.500000 0.200000 -2.4720000 1.00000 0.00000 
O     shel 0.7000000 0.500000 0.400000 -2.4720000 1.00000 0.00000 
O     shel 0.7000000 0.500000 0.600000 -2.4720000 1.00000 0.00000 
O     shel 0.7000000 0.500000 0.800000 -2.4720000 1.00000 0.00000 
O     shel 0.7000000 0.700000 1.000000 -2.4720000 1.00000 0.00000 
O     shel 0.7000000 0.700000 0.200000 -2.4720000 1.00000 0.00000 
O     shel 0.7000000 0.700000 0.400000 -2.4720000 1.00000 0.00000 
O     shel 0.7000000 0.700000 0.600000 -2.4720000 1.00000 0.00000 
O     shel 0.7000000 0.700000 0.800000 -2.4720000 1.00000 0.00000 
O     shel 0.7000000 0.900000 1.000000 -2.4720000 1.00000 0.00000 
O     shel 0.7000000 0.900000 0.200000 -2.4720000 1.00000 0.00000 
O     shel 0.7000000 0.900000 0.400000 -2.4720000 1.00000 0.00000 
O     shel 0.7000000 0.900000 0.600000 -2.4720000 1.00000 0.00000 
O     shel 0.7000000 0.900000 0.800000 -2.4720000 1.00000 0.00000 
O     shel 0.9000000 0.100000 1.000000 -2.4720000 1.00000 0.00000 
O     shel 0.9000000 0.100000 0.200000 -2.4720000 1.00000 0.00000 
O     shel 0.9000000 0.100000 0.400000 -2.4720000 1.00000 0.00000 
O     shel 0.9000000 0.100000 0.600000 -2.4720000 1.00000 0.00000 
O     shel 0.9000000 0.100000 0.800000 -2.4720000 1.00000 0.00000 
O     shel 0.9000000 0.300000 1.000000 -2.4720000 1.00000 0.00000 
O     shel 0.9000000 0.300000 0.200000 -2.4720000 1.00000 0.00000 
O     shel 0.9000000 0.300000 0.400000 -2.4720000 1.00000 0.00000 
O     shel 0.9000000 0.300000 0.600000 -2.4720000 1.00000 0.00000 
O     shel 0.9000000 0.300000 0.800000 -2.4720000 1.00000 0.00000 
O     shel 0.9000000 0.500000 1.000000 -2.4720000 1.00000 0.00000 
O     shel 0.9000000 0.500000 0.200000 -2.4720000 1.00000 0.00000 
O     shel 0.9000000 0.500000 0.400000 -2.4720000 1.00000 0.00000 
O     shel 0.9000000 0.500000 0.600000 -2.4720000 1.00000 0.00000 
O     shel 0.9000000 0.500000 0.800000 -2.4720000 1.00000 0.00000 
O     shel 0.9000000 0.700000 1.000000 -2.4720000 1.00000 0.00000 
O     shel 0.9000000 0.700000 0.200000 -2.4720000 1.00000 0.00000 
O     shel 0.9000000 0.700000 0.400000 -2.4720000 1.00000 0.00000 
O     shel 0.9000000 0.700000 0.600000 -2.4720000 1.00000 0.00000 
O     shel 0.9000000 0.700000 0.800000 -2.4720000 1.00000 0.00000 
O     shel 0.9000000 0.900000 1.000000 -2.4720000 1.00000 0.00000 
O     shel 0.9000000 0.900000 0.200000 -2.4720000 1.00000 0.00000 
O     shel 0.9000000 0.900000 0.400000 -2.4720000 1.00000 0.00000 
O     shel 0.9000000 0.900000 0.600000 -2.4720000 1.00000 0.00000 
O     shel 0.9000000 0.900000 0.800000 -2.4720000 1.00000 0.00000 
O     shel 0.0000000 0.100000 0.100000 -2.4720000 1.00000 0.00000 
O     shel 0.0000000 0.100000 0.300000 -2.4720000 1.00000 0.00000 
O     shel 0.0000000 0.100000 0.500000 -2.4720000 1.00000 0.00000 
O     shel 0.0000000 0.100000 0.700000 -2.4720000 1.00000 0.00000 
O     shel 0.0000000 0.100000 0.900000 -2.4720000 1.00000 0.00000 
O     shel 0.0000000 0.300000 0.100000 -2.4720000 1.00000 0.00000 
O     shel 0.0000000 0.300000 0.300000 -2.4720000 1.00000 0.00000 
O     shel 0.0000000 0.300000 0.500000 -2.4720000 1.00000 0.00000 
O     shel 0.0000000 0.300000 0.700000 -2.4720000 1.00000 0.00000 
O     shel 0.0000000 0.300000 0.900000 -2.4720000 1.00000 0.00000 
O     shel 0.0000000 0.500000 0.100000 -2.4720000 1.00000 0.00000 
O     shel 0.0000000 0.500000 0.300000 -2.4720000 1.00000 0.00000 
O     shel 0.0000000 0.500000 0.500000 -2.4720000 1.00000 0.00000 
O     shel 0.0000000 0.500000 0.700000 -2.4720000 1.00000 0.00000 
O     shel 0.0000000 0.500000 0.900000 -2.4720000 1.00000 0.00000 
O     shel 0.0000000 0.700000 0.100000 -2.4720000 1.00000 0.00000 
O     shel 0.0000000 0.700000 0.300000 -2.4720000 1.00000 0.00000 
O     shel 0.0000000 0.700000 0.500000 -2.4720000 1.00000 0.00000 
O     shel 0.0000000 0.700000 0.700000 -2.4720000 1.00000 0.00000 
O     shel 0.0000000 0.700000 0.900000 -2.4720000 1.00000 0.00000 
O     shel 0.0000000 0.900000 0.100000 -2.4720000 1.00000 0.00000 
O     shel 0.0000000 0.900000 0.300000 -2.4720000 1.00000 0.00000 
O     shel 0.0000000 0.900000 0.500000 -2.4720000 1.00000 0.00000 
O     shel 0.0000000 0.900000 0.700000 -2.4720000 1.00000 0.00000 
O     shel 0.0000000 0.900000 0.900000 -2.4720000 1.00000 0.00000 
O     shel 0.2000000 0.100000 0.100000 -2.4720000 1.00000 0.00000 
O     shel 0.2000000 0.100000 0.300000 -2.4720000 1.00000 0.00000 
O     shel 0.2000000 0.100000 0.500000 -2.4720000 1.00000 0.00000 
O     shel 0.2000000 0.100000 0.700000 -2.4720000 1.00000 0.00000 
O     shel 0.2000000 0.100000 0.900000 -2.4720000 1.00000 0.00000 
O     shel 0.2000000 0.300000 0.100000 -2.4720000 1.00000 0.00000 
O     shel 0.2000000 0.300000 0.300000 -2.4720000 1.00000 0.00000 
O     shel 0.2000000 0.300000 0.500000 -2.4720000 1.00000 0.00000 
O     shel 0.2000000 0.300000 0.700000 -2.4720000 1.00000 0.00000 
O     shel 0.2000000 0.300000 0.900000 -2.4720000 1.00000 0.00000 
O     shel 0.2000000 0.500000 0.100000 -2.4720000 1.00000 0.00000 
O     shel 0.2000000 0.500000 0.300000 -2.4720000 1.00000 0.00000 
O     shel 0.2000000 0.500000 0.500000 -2.4720000 1.00000 0.00000 
O     shel 0.2000000 0.500000 0.700000 -2.4720000 1.00000 0.00000 
O     shel 0.2000000 0.500000 0.900000 -2.4720000 1.00000 0.00000 
O     shel 0.2000000 0.700000 0.100000 -2.4720000 1.00000 0.00000 
O     shel 0.2000000 0.700000 0.300000 -2.4720000 1.00000 0.00000 
O     shel 0.2000000 0.700000 0.500000 -2.4720000 1.00000 0.00000 
O     shel 0.2000000 0.700000 0.700000 -2.4720000 1.00000 0.00000 
O     shel 0.2000000 0.700000 0.900000 -2.4720000 1.00000 0.00000 
O     shel 0.2000000 0.900000 0.100000 -2.4720000 1.00000 0.00000 
O     shel 0.2000000 0.900000 0.300000 -2.4720000 1.00000 0.00000 
O     shel 0.2000000 0.900000 0.500000 -2.4720000 1.00000 0.00000 
O     shel 0.2000000 0.900000 0.700000 -2.4720000 1.00000 0.00000 
O     shel 0.2000000 0.900000 0.900000 -2.4720000 1.00000 0.00000 
O     shel 0.4000000 0.100000 0.100000 -2.4720000 1.00000 0.00000 
O     shel 0.4000000 0.100000 0.300000 -2.4720000 1.00000 0.00000 
O     shel 0.4000000 0.100000 0.500000 -2.4720000 1.00000 0.00000 
O     shel 0.4000000 0.100000 0.700000 -2.4720000 1.00000 0.00000 
O     shel 0.4000000 0.100000 0.900000 -2.4720000 1.00000 0.00000 
O     shel 0.4000000 0.300000 0.100000 -2.4720000 1.00000 0.00000 
O     shel 0.4000000 0.300000 0.300000 -2.4720000 1.00000 0.00000 
O     shel 0.4000000 0.300000 0.500000 -2.4720000 1.00000 0.00000 
O     shel 0.4000000 0.300000 0.700000 -2.4720000 1.00000 0.00000 
O     shel 0.4000000 0.300000 0.900000 -2.4720000 1.00000 0.00000 
O     shel 0.4000000 0.500000 0.100000 -2.4720000 1.00000 0.00000 
O     shel 0.4000000 0.500000 0.300000 -2.4720000 1.00000 0.00000 
O     shel 0.4000000 0.500000 0.500000 -2.4720000 1.00000 0.00000 
O     shel 0.4000000 0.500000 0.700000 -2.4720000 1.00000 0.00000 
O     shel 0.4000000 0.500000 0.900000 -2.4720000 1.00000 0.00000 
O     shel 0.4000000 0.700000 0.100000 -2.4720000 1.00000 0.00000 
O     shel 0.4000000 0.700000 0.300000 -2.4720000 1.00000 0.00000 
O     shel 0.4000000 0.700000 0.500000 -2.4720000 1.00000 0.00000 
O     shel 0.4000000 0.700000 0.700000 -2.4720000 1.00000 0.00000 
O     shel 0.4000000 0.700000 0.900000 -2.4720000 1.00000 0.00000 
O     shel 0.4000000 0.900000 0.100000 -2.4720000 1.00000 0.00000 
O     shel 0.4000000 0.900000 0.300000 -2.4720000 1.00000 0.00000 
O     shel 0.4000000 0.900000 0.500000 -2.4720000 1.00000 0.00000 
O     shel 0.4000000 0.900000 0.700000 -2.4720000 1.00000 0.00000 
O     shel 0.4000000 0.900000 0.900000 -2.4720000 1.00000 0.00000 
O     shel 0.6000000 0.100000 0.100000 -2.4720000 1.00000 0.00000 
O     shel 0.6000000 0.100000 0.300000 -2.4720000 1.00000 0.00000 
O     shel 0.6000000 0.100000 0.500000 -2.4720000 1.00000 0.00000 
O     shel 0.6000000 0.100000 0.700000 -2.4720000 1.00000 0.00000 
O     shel 0.6000000 0.100000 0.900000 -2.4720000 1.00000 0.00000 
O     shel 0.6000000 0.300000 0.100000 -2.4720000 1.00000 0.00000 
O     shel 0.6000000 0.300000 0.300000 -2.4720000 1.00000 0.00000 
O     shel 0.6000000 0.300000 0.500000 -2.4720000 1.00000 0.00000 
O     shel 0.6000000 0.300000 0.700000 -2.4720000 1.00000 0.00000 
O     shel 0.6000000 0.300000 0.900000 -2.4720000 1.00000 0.00000 
O     shel 0.6000000 0.500000 0.100000 -2.4720000 1.00000 0.00000 
O     shel 0.6000000 0.500000 0.300000 -2.4720000 1.00000 0.00000 
O     shel 0.6000000 0.500000 0.500000 -2.4720000 1.00000 0.00000 
O     shel 0.6000000 0.500000 0.700000 -2.4720000 1.00000 0.00000 
O     shel 0.6000000 0.500000 0.900000 -2.4720000 1.00000 0.00000 
O     shel 0.6000000 0.700000 0.100000 -2.4720000 1.00000 0.00000 
O     shel 0.6000000 0.700000 0.300000 -2.4720000 1.00000 0.00000 
O     shel 0.6000000 0.700000 0.500000 -2.4720000 1.00000 0.00000 
O     shel 0.6000000 0.700000 0.700000 -2.4720000 1.00000 0.00000 
O     shel 0.6000000 0.700000 0.900000 -2.4720000 1.00000 0.00000 
O     shel 0.6000000 0.900000 0.100000 -2.4720000 1.00000 0.00000 
O     shel 0.6000000 0.900000 0.300000 -2.4720000 1.00000 0.00000 
O     shel 0.6000000 0.900000 0.500000 -2.4720000 1.00000 0.00000 
O     shel 0.6000000 0.900000 0.700000 -2.4720000 1.00000 0.00000 
O     shel 0.6000000 0.900000 0.900000 -2.4720000 1.00000 0.00000 
O     shel 0.8000000 0.100000 0.100000 -2.4720000 1.00000 0.00000 
O     shel 0.8000000 0.100000 0.300000 -2.4720000 1.00000 0.00000 
O     shel 0.8000000 0.100000 0.500000 -2.4720000 1.00000 0.00000 
O     shel 0.8000000 0.100000 0.700000 -2.4720000 1.00000 0.00000 
O     shel 0.8000000 0.100000 0.900000 -2.4720000 1.00000 0.00000 
O     shel 0.8000000 0.300000 0.100000 -2.4720000 1.00000 0.00000 
O     shel 0.8000000 0.300000 0.300000 -2.4720000 1.00000 0.00000 
O     shel 0.8000000 0.300000 0.500000 -2.4720000 1.00000 0.00000 
O     shel 0.8000000 0.300000 0.700000 -2.4720000 1.00000 0.00000 
O     shel 0.8000000 0.300000 0.900000 -2.4720000 1.00000 0.00000 
O     shel 0.8000000 0.500000 0.100000 -2.4720000 1.00000 0.00000 
O     shel 0.8000000 0.500000 0.300000 -2.4720000 1.00000 0.00000 
O     shel 0.8000000 0.500000 0.500000 -2.4720000 1.00000 0.00000 
O     shel 0.8000000 0.500000 0.700000 -2.4720000 1.00000 0.00000 
O     shel 0.8000000 0.500000 0.900000 -2.4720000 1.00000 0.00000 
O     shel 0.8000000 0.700000 0.100000 -2.4720000 1.00000 0.00000 
O     shel 0.8000000 0.700000 0.300000 -2.4720000 1.00000 0.00000 
O     shel 0.8000000 0.700000 0.500000 -2.4720000 1.00000 0.00000 
O     shel 0.8000000 0.700000 0.700000 -2.4720000 1.00000 0.00000 
O     shel 0.8000000 0.700000 0.900000 -2.4720000 1.00000 0.00000 
O     shel 0.8000000 0.900000 0.100000 -2.4720000 1.00000 0.00000 
O     shel 0.8000000 0.900000 0.300000 -2.4720000 1.00000 0.00000 
O     shel 0.8000000 0.900000 0.500000 -2.4720000 1.00000 0.00000 
O     shel 0.8000000 0.900000 0.700000 -2.4720000 1.00000 0.00000 
O     shel 0.8000000 0.900000 0.900000 -2.4720000 1.00000 0.00000 
O     shel 0.1000000 0.000000 0.100000 -2.4720000 1.00000 0.00000 
O     shel 0.1000000 0.000000 0.300000 -2.4720000 1.00000 0.00000 
O     shel 0.1000000 0.000000 0.500000 -2.4720000 1.00000 0.00000 
O     shel 0.1000000 0.000000 0.700000 -2.4720000 1.00000 0.00000 
O     shel 0.1000000 0.000000 0.900000 -2.4720000 1.00000 0.00000 
O     shel 0.1000000 0.200000 0.100000 -2.4720000 1.00000 0.00000 
O     shel 0.1000000 0.200000 0.300000 -2.4720000 1.00000 0.00000 
O     shel 0.1000000 0.200000 0.500000 -2.4720000 1.00000 0.00000 
O     shel 0.1000000 0.200000 0.700000 -2.4720000 1.00000 0.00000 
O     shel 0.1000000 0.200000 0.900000 -2.4720000 1.00000 0.00000 
O     shel 0.1000000 0.400000 0.100000 -2.4720000 1.00000 0.00000 
O     shel 0.1000000 0.400000 0.300000 -2.4720000 1.00000 0.00000 
O     shel 0.1000000 0.400000 0.500000 -2.4720000 1.00000 0.00000 
O     shel 0.1000000 0.400000 0.700000 -2.4720000 1.00000 0.00000 
O     shel 0.1000000 0.400000 0.900000 -2.4720000 1.00000 0.00000 
O     shel 0.1000000 0.600000 0.100000 -2.4720000 1.00000 0.00000 
O     shel 0.1000000 0.600000 0.300000 -2.4720000 1.00000 0.00000 
O     shel 0.1000000 0.600000 0.500000 -2.4720000 1.00000 0.00000 
O     shel 0.1000000 0.600000 0.700000 -2.4720000 1.00000 0.00000 
O     shel 0.1000000 0.600000 0.900000 -2.4720000 1.00000 0.00000 
O     shel 0.1000000 0.800000 0.100000 -2.4720000 1.00000 0.00000 
O     shel 0.1000000 0.800000 0.300000 -2.4720000 1.00000 0.00000 
O     shel 0.1000000 0.800000 0.500000 -2.4720000 1.00000 0.00000 
O     shel 0.1000000 0.800000 0.700000 -2.4720000 1.00000 0.00000 
O     shel 0.1000000 0.800000 0.900000 -2.4720000 1.00000 0.00000 
O     shel 0.3000000 0.000000 0.100000 -2.4720000 1.00000 0.00000 
O     shel 0.3000000 0.000000 0.300000 -2.4720000 1.00000 0.00000 
O     shel 0.3000000 0.000000 0.500000 -2.4720000 1.00000 0.00000 
O     shel 0.3000000 0.000000 0.700000 -2.4720000 1.00000 0.00000 
O     shel 0.3000000 0.000000 0.900000 -2.4720000 1.00000 0.00000 
O     shel 0.3000000 0.200000 0.100000 -2.4720000 1.00000 0.00000 
O     shel 0.3000000 0.200000 0.300000 -2.4720000 1.00000 0.00000 
O     shel 0.3000000 0.200000 0.500000 -2.4720000 1.00000 0.00000 
O     shel 0.3000000 0.200000 0.700000 -2.4720000 1.00000 0.00000 
O     shel 0.3000000 0.200000 0.900000 -2.4720000 1.00000 0.00000 
O     shel 0.3000000 0.400000 0.100000 -2.4720000 1.00000 0.00000 
O     shel 0.3000000 0.400000 0.300000 -2.4720000 1.00000 0.00000 
O     shel 0.3000000 0.400000 0.500000 -2.4720000 1.00000 0.00000 
O     shel 0.3000000 0.400000 0.700000 -2.4720000 1.00000 0.00000 
O     shel 0.3000000 0.400000 0.900000 -2.4720000 1.00000 0.00000 
O     shel 0.3000000 0.600000 0.100000 -2.4720000 1.00000 0.00000 
O     shel 0.3000000 0.600000 0.300000 -2.4720000 1.00000 0.00000 
O     shel 0.3000000 0.600000 0.500000 -2.4720000 1.00000 0.00000 
O     shel 0.3000000 0.600000 0.700000 -2.4720000 1.00000 0.00000 
O     shel 0.3000000 0.600000 0.900000 -2.4720000 1.00000 0.00000 
O     shel 0.3000000 0.800000 0.100000 -2.4720000 1.00000 0.00000 
O     shel 0.3000000 0.800000 0.300000 -2.4720000 1.00000 0.00000 
O     shel 0.3000000 0.800000 0.500000 -2.4720000 1.00000 0.00000 
O     shel 0.3000000 0.800000 0.700000 -2.4720000 1.00000 0.00000 
O     shel 0.3000000 0.800000 0.900000 -2.4720000 1.00000 0.00000 
O     shel 0.5000000 0.000000 0.100000 -2.4720000 1.00000 0.00000 
O     shel 0.5000000 0.000000 0.300000 -2.4720000 1.00000 0.00000 
O     shel 0.5000000 0.000000 0.500000 -2.4720000 1.00000 0.00000 
O     shel 0.5000000 0.000000 0.700000 -2.4720000 1.00000 0.00000 
O     shel 0.5000000 0.000000 0.900000 -2.4720000 1.00000 0.00000 
O     shel 0.5000000 0.200000 0.100000 -2.4720000 1.00000 0.00000 
O     shel 0.5000000 0.200000 0.300000 -2.4720000 1.00000 0.00000 
O     shel 0.5000000 0.200000 0.500000 -2.4720000 1.00000 0.00000 
O     shel 0.5000000 0.200000 0.700000 -2.4720000 1.00000 0.00000 
O     shel 0.5000000 0.200000 0.900000 -2.4720000 1.00000 0.00000 
O     shel 0.5000000 0.400000 0.100000 -2.4720000 1.00000 0.00000 
O     shel 0.5000000 0.400000 0.300000 -2.4720000 1.00000 0.00000 
O     shel 0.5000000 0.400000 0.500000 -2.4720000 1.00000 0.00000 
O     shel 0.5000000 0.400000 0.700000 -2.4720000 1.00000 0.00000 
O     shel 0.5000000 0.400000 0.900000 -2.4720000 1.00000 0.00000 
O     shel 0.5000000 0.600000 0.100000 -2.4720000 1.00000 0.00000 
O     shel 0.5000000 0.600000 0.300000 -2.4720000 1.00000 0.00000 
O     shel 0.5000000 0.600000 0.500000 -2.4720000 1.00000 0.00000 
O     shel 0.5000000 0.600000 0.700000 -2.4720000 1.00000 0.00000 
O     shel 0.5000000 0.600000 0.900000 -2.4720000 1.00000 0.00000 
O     shel 0.5000000 0.800000 0.100000 -2.4720000 1.00000 0.00000 
O     shel 0.5000000 0.800000 0.300000 -2.4720000 1.00000 0.00000 
O     shel 0.5000000 0.800000 0.500000 -2.4720000 1.00000 0.00000 
O     shel 0.5000000 0.800000 0.700000 -2.4720000 1.00000 0.00000 
O     shel 0.5000000 0.800000 0.900000 -2.4720000 1.00000 0.00000 
O     shel 0.7000000 0.000000 0.100000 -2.4720000 1.00000 0.00000 
O     shel 0.7000000 0.000000 0.300000 -2.4720000 1.00000 0.00000 
O     shel 0.7000000 0.000000 0.500000 -2.4720000 1.00000 0.00000 
O     shel 0.7000000 0.000000 0.700000 -2.4720000 1.00000 0.00000 
O     shel 0.7000000 0.000000 0.900000 -2.4720000 1.00000 0.00000 
O     shel 0.7000000 0.200000 0.100000 -2.4720000 1.00000 0.00000 
O     shel 0.7000000 0.200000 0.300000 -2.4720000 1.00000 0.00000 
O     shel 0.7000000 0.200000 0.500000 -2.4720000 1.00000 0.00000 
O     shel 0.7000000 0.200000 0.700000 -2.4720000 1.00000 0.00000 
O     shel 0.7000000 0.200000 0.900000 -2.4720000 1.00000 0.00000 
O     shel 0.7000000 0.400000 0.100000 -2.4720000 1.00000 0.00000 
O     shel 0.7000000 0.400000 0.300000 -2.4720000 1.00000 0.00000 
O     shel 0.7000000 0.400000 0.500000 -2.4720000 1.00000 0.00000 
O     shel 0.7000000 0.400000 0.700000 -2.4720000 1.00000 0.00000 
O     shel 0.7000000 0.400000 0.900000 -2.4720000 1.00000 0.00000 
O     shel 0.7000000 0.600000 0.100000 -2.4720000 1.00000 0.00000 
O     shel 0.7000000 0.600000 0.300000 -2.4720000 1.00000 0.00000 
O     shel 0.7000000 0.600000 0.500000 -2.4720000 1.00000 0.00000 
O     shel 0.7000000 0.600000 0.700000 -2.4720000 1.00000 0.00000 
O     shel 0.7000000 0.600000 0.900000 -2.4720000 1.00000 0.00000 
O     shel 0.7000000 0.800000 0.100000 -2.4720000 1.00000 0.00000 
O     shel 0.7000000 0.800000 0.300000 -2.4720000 1.00000 0.00000 
O     shel 0.7000000 0.800000 0.500000 -2.4720000 1.00000 0.00000 
O     shel 0.7000000 0.800000 0.700000 -2.4720000 1.00000 0.00000 
O     shel 0.7000000 0.800000 0.900000 -2.4720000 1.00000 0.00000 
O     shel 0.9000000 0.000000 0.100000 -2.4720000 1.00000 0.00000 
O     shel 0.9000000 0.000000 0.300000 -2.4720000 1.00000 0.00000 
O     shel 0.9000000 0.000000 0.500000 -2.4720000 1.00000 0.00000 
O     shel 0.9000000 0.000000 0.700000 -2.4720000 1.00000 0.00000 
O     shel 0.9000000 0.000000 0.900000 -2.4720000 1.00000 0.00000 
O     shel 0.9000000 0.200000 0.100000 -2.4720000 1.00000 0.00000 
O     shel 0.9000000 0.200000 0.300000 -2.4720000 1.00000 0.00000 
O     shel 0.9000000 0.200000 0.500000 -2.4720000 1.00000 0.00000 
O     shel 0.9000000 0.200000 0.700000 -2.4720000 1.00000 0.00000 
O     shel 0.9000000 0.200000 0.900000 -2.4720000 1.00000 0.00000 
O     shel 0.9000000 0.400000 0.100000 -2.4720000 1.00000 0.00000 
O     shel 0.9000000 0.400000 0.300000 -2.4720000 1.00000 0.00000 
O     shel 0.9000000 0.400000 0.500000 -2.4720000 1.00000 0.00000 
O     shel 0.9000000 0.400000 0.700000 -2.4720000 1.00000 0.00000 
O     shel 0.9000000 0.400000 0.900000 -2.4720000 1.00000 0.00000 
O     shel 0.9000000 0.600000 0.100000 -2.4720000 1.00000 0.00000 
O     shel 0.9000000 0.600000 0.300000 -2.4720000 1.00000 0.00000 
O     shel 0.9000000 0.600000 0.500000 -2.4720000 1.00000 0.00000 
O     shel 0.9000000 0.600000 0.700000 -2.4720000 1.00000 0.00000 
O     shel 0.9000000 0.600000 0.900000 -2.4720000 1.00000 0.00000 
O     shel 0.9000000 0.800000 0.100000 -2.4720000 1.00000 0.00000 
O     shel 0.9000000 0.800000 0.300000 -2.4720000 1.00000 0.00000 
O     shel 0.9000000 0.800000 0.500000 -2.4720000 1.00000 0.00000 
O     shel 0.9000000 0.800000 0.700000 -2.4720000 1.00000 0.00000 
O     shel 0.9000000 0.800000 0.900000 -2.4720000 1.00000 0.00000 
